Marsaglia_0_1
0.000322
0.214496
0.046784
0.337959
0.458002
0.739245
0.943416
0.778629
0.125006
0.071741
0.060398
0.608255
0.549404
0.789760
0.936919
0.029400
0.640653
0.258984
0.772872
0.517395
0.990889
0.747254
0.101710
0.004908
0.961842
0.491955
0.853916
0.144635
0.787372
0.970523
0.061111
0.900128
0.941633
0.624078
0.450777
0.714735
0.022865
0.284182
0.181608
0.508671
0.402808
0.552722
0.969491
0.754215
0.891737
0.384917
0.854101
0.879029
0.669130
0.125452
0.856133
0.247604
0.729955
0.247735
0.775152
0.970828
0.096585
0.046278
0.378068
0.793685
0.046338
0.532210
0.228240
0.311074
0.604639
0.781905
0.405200
0.761753
0.553808
0.988741
0.365007
0.650411
0.207480
0.467984
0.191221
0.447859
0.200638
0.864794
0.486508
0.619360
0.545278
0.815361
0.154863
0.231062
0.201701
0.311157
0.324464
0.384578
0.415425
0.016327
0.661147
0.729677
0.069724
0.788188
0.322508
0.305105
0.303793
0.650868
0.802632
0.957530
0.646534
0.472063
0.917439
0.588613
0.915977
0.592917
0.180667
0.480203
0.134310
0.661032
0.820469
0.947657
0.708551
0.916601
0.686641
0.571286
0.126832
0.181663
0.298473
0.255924
0.420316
0.802491
0.283229
0.368626
0.640733
0.795096
0.455243
0.204485
0.603548
0.443857
0.785650
0.030580
0.146746
0.603288
0.512733
0.958044
0.155250
0.952911
0.642906
0.892261
0.600956
0.455271
0.092311
0.811187
0.848402
0.267062
0.719044
0.621791
0.476051
0.353393
0.496009
0.844632
0.863210
0.055163
0.074395
0.376548
0.792568
0.859575
0.987774
0.581481
0.318357
0.623764
0.746832
0.959420
0.150147
0.501557
0.074717
0.643470
0.802253
0.823358
0.533017
0.975050
0.758780
0.179151
0.788362
0.407215
0.904283
0.954636
0.769650
0.986093
0.470060
0.570487
0.965899
0.660466
0.746061
0.674733
0.114721
0.669458
0.808431
0.538267
0.531429
0.258358
0.512674
0.903478
0.328758
0.972564
0.002440
0.536011
0.777220
0.779655
0.983940
0.729648
0.056078
0.269586
0.015984
0.014314
0.644952
0.183006
0.065649
0.317213
0.606039
0.517708
0.579563
0.827086
0.006971
0.463194
0.320821
0.811590
0.734286
0.413372
0.221527
0.637811
0.947535
0.307381
0.500952
0.245891
0.424004
0.548528
0.299329
0.325791
0.044068
0.751366
0.077263
0.447171
0.667167
0.566883
0.030772
0.392400
0.648407
0.835828
0.771952
0.942684
0.245788
0.320151
0.525263
0.367331
0.168053
0.262579
0.089445
0.866127
0.513168
0.024306
0.815058
0.214848
0.347421
0.050817
0.847643
0.863892
0.175150
0.415829
0.886515
0.740036
0.549091
0.193368
0.709175
0.001319
0.071362
0.907957
0.711347
0.995049
0.035056
0.312944
0.712645
0.668939
0.956475
0.746938
0.277863
0.685362
0.247974
0.318389
0.803884
0.488733
0.281446
0.168276
0.622227
0.576020
0.092416
0.060930
0.367201
0.220373
0.974772
0.552981
0.859704
0.897888
0.216117
0.990426
0.756630
0.667481
0.223741
0.583825
0.215911
0.753902
0.291228
0.811621
0.827181
0.583869
0.255678
0.401585
0.058065
0.525320
0.295562
0.140388
0.466093
0.579799
0.119196
0.761296
0.926237
0.277965
0.793846
0.159987
0.124079
0.028225
0.465450
0.188501
0.564597
0.168487
0.218973
0.277307
0.346581
0.971048
0.329383
0.135501
0.952668
0.850601
0.153249
0.779124
0.305014
0.025365
0.910975
0.137606
0.336575
0.881345
0.609644
0.488342
0.328024
0.289715
0.356498
0.969382
0.260292
0.127326
0.313041
0.420253
0.432730
0.250337
0.539762
0.800903
0.596898
0.170974
0.981489
0.438777
0.855980
0.687412
0.843365
0.354002
0.579822
0.716785
0.607449
0.912719
0.585597
0.581316
0.939945
0.058519
0.834093
0.997578
0.739049
0.372018
0.891630
0.018873
0.573430
0.208551
0.407595
0.180743
0.761328
0.163993
0.857608
0.099601
0.340285
0.118705
0.802310
0.774489
0.177491
0.109599
0.911782
0.841962
0.470765
0.280343
0.005575
0.034095
0.890156
0.159672
0.358382
0.089615
0.610165
0.517838
0.521325
0.368161
0.482605
0.051179
0.908865
0.417663
0.600069
0.144818
0.401349
0.744857
0.500036
0.963474
0.213164
0.038907
0.259597
0.120420
0.276536
0.098173
0.730808
0.174541
0.390938
0.710089
0.166662
0.205539
0.388130
0.734171
0.487697
0.717247
0.562823
0.638151
0.439215
0.119078
0.618971
0.737232
0.889140
0.035593
0.381682
0.386476
0.516494
0.694197
0.524756
0.376307
0.140492
0.640961
0.563853
0.781146
0.940278
0.034565
0.365280
0.511167
0.815268
0.768368
0.420403
0.817185
0.136134
0.670607
0.135690
0.998655
0.136400
0.032712
0.388373
0.564815
0.194671
0.715757
0.597737
0.098934
0.257483
0.085025
0.562033
0.075702
0.652782
0.022706
0.311021
0.881735
0.544025
0.268720
0.224128
0.289208
0.274904
0.339655
0.664243
0.632612
0.854700
0.275846
0.377129
0.938639
0.834259
0.466561
0.906460
0.259188
0.822595
0.803331
0.274486
0.457497
0.894112
0.411388
0.178325
0.697406
0.136461
0.209239
0.951873
0.885732
0.589013
0.546360
0.543345
0.317781
0.821963
0.169016
0.758441
0.775984
0.406054
0.764207
0.019131
0.331647
0.522931
0.331739
0.888070
0.099842
0.966116
0.634418
0.608641
0.197408
0.782608
0.976370
0.910613
0.154089
0.805116
0.559489
0.331437
0.026790
0.324902
0.668003
0.303153
0.466956
0.155264
0.931174
0.254933
0.991086
0.335634
0.914115
0.981246
0.704364
0.726307
0.286735
0.525644
0.727414
0.743790
0.820814
0.830178
0.576185
0.486781
0.465193
0.400436
0.744958
0.502769
0.749095
0.236209
0.742481
0.445261
0.763574
0.277778
0.831225
0.871635
0.971081
0.617827
0.719765
0.431613
0.093164
0.728988
0.458291
0.696366
0.326282
0.956996
0.787240
0.878240
0.135756
0.529488
0.189053
0.691104
0.877837
0.330407
0.893058
0.601333
0.499901
0.690050
0.083478
0.719405
0.568771
0.440727
0.560564
0.582126
0.877159
0.488050
0.104853
0.075488
0.878240
0.147849
0.794550
0.748139
0.198345
0.498712
0.526036
0.765488
0.477783
0.000145
0.987502
0.754431
0.789784
0.626364
0.335705
0.788702
0.887573
0.765710
0.825852
0.764852
0.529559
0.135685
0.644608
0.418844
0.132664
0.963619
0.196227
0.233289
0.003760
0.682956
0.091814
0.485289
0.399244
0.395171
0.091701
0.684919
0.662734
0.347309
0.250961
0.654327
0.690884
0.675144
0.518040
0.497459
0.977337
0.661976
0.036510
0.710413
0.484787
0.763040
0.399958
0.682413
0.595182
0.645544
0.109989
0.837415
0.388039
0.494339
0.487363
0.666326
0.496892
0.833200
0.286249
0.899865
0.793860
0.111747
0.261609
0.072032
0.152345
0.307981
0.939708
0.724211
0.537850
0.796448
0.841745
0.499901
0.676928
0.732028
0.410609
0.380063
0.554246
0.199350
0.890766
0.309097
0.987786
0.377831
0.411262
0.461445
0.532163
0.972340
0.521861
0.398818
0.960071
0.159484
0.432298
0.368046
0.571853
0.299530
0.204665
0.989555
0.583195
0.663932
0.148918
0.586469
0.840948
0.428509
0.671508
0.404336
0.117074
0.182221
0.827143
0.971481
0.230714
0.201593
0.823667
0.849980
0.248386
0.740748
0.730067
0.027263
0.012301
0.587074
0.637612
0.198341
0.246813
0.132513
0.524102
0.188659
0.492988
0.210472
0.071259
0.767568
0.121298
0.948366
0.685229
0.102429
0.672442
0.885780
0.970220
0.103343
0.776290
0.608260
0.905253
0.908496
0.898958
0.146722
0.974051
0.760141
0.167997
0.392499
0.498046
0.521197
0.525717
0.777996
0.422506
0.082475
0.460633
0.472988
0.805802
0.910532
0.567032
0.346527
0.261781
0.986147
0.182672
0.944485
0.605284
0.383419
0.354598
0.732716
0.950770
0.739498
0.383093
0.855847
0.514078
0.864935
0.193743
0.661691
0.367310
0.744658
0.787636
0.241286
0.396838
0.179574
0.019679
0.234558
0.714435
0.318796
0.955047
0.151613
0.771538
0.332494
0.053750
0.459648
0.426624
0.475371
0.433330
0.685492
0.215723
0.790767
0.459682
0.783768
0.076050
0.705380
0.915997
0.020686
0.772760
0.764627
0.999835
0.623453
0.278834
0.758609
0.398318
0.445314
0.358084
0.488724
0.691452
0.896214
0.601289
0.424884
0.333571
0.389092
0.165451
0.503373
0.462907
0.551788
0.466176
0.315319
0.789290
0.454590
0.073187
0.935801
0.809960
0.103390
0.058950
0.643568
0.603519
0.448480
0.050439
0.781399
0.452000
0.158960
0.234012
0.007073
0.541059
0.412784
0.563425
0.184974
0.988301
0.952416
0.420958
0.168316
0.449719
0.656126
0.981681
0.721996
0.554270
0.874901
0.530829
0.836069
0.416566
0.784983
0.984315
0.679849
0.477696
0.006035
0.862361
0.446639
0.924173
0.734931
0.966256
0.339080
0.935002
0.645167
0.008237
0.945127
0.006874
0.801900
0.444501
0.254653
0.607492
0.842618
0.761334
0.566671
0.407009
0.673420
0.464370
0.537192
0.337603
0.930939
0.020973
0.617697
0.731174
0.459874
0.005750
0.134239
0.785158
0.056157
0.699174
0.257172
0.606476
0.725744
0.389351
0.111498
0.083608
0.709025
0.626899
0.277850
0.836779
0.520866
0.682954
0.934088
0.496290
0.256272
0.460306
0.887526
0.558954
0.411677
0.107657
0.747790
0.072673
0.471855
0.587000
0.490284
0.399130
0.512465
0.444131
0.660301
0.304609
0.068208
0.032279
0.467744
0.628944
0.516620
0.438866
0.022482
0.782583
0.227488
0.365388
0.960320
0.321790
0.727884
0.210423
0.709607
0.851962
0.132832
0.605766
0.648460
0.509072
0.091599
0.655683
0.402616
0.269245
0.499604
0.129299
0.533906
0.336449
0.225960
0.856099
0.869360
0.858317
0.106641
0.574566
0.720934
0.220091
0.453264
0.483940
0.245858
0.166693
0.327509
0.749094
0.197614
0.002922
0.831157
0.208550
0.317539
0.121772
0.661752
0.535604
0.617051
0.110877
0.183890
0.102590
0.800499
0.687085
0.266137
0.798261
0.078642
0.709148
0.133563
0.048294
0.622747
0.518546
0.485910
0.288927
0.909321
0.858433
0.131378
0.143714
0.205456
0.620704
