Marsaglia_0_1
0.000322
0.214496
0.046784
0.337959
0.458002
0.739245
0.943416
0.778629
0.125006
0.071741
0.060398
0.608255
0.549404
0.789760
0.936919
0.029400
0.640653
0.258984
0.772872
0.517395
0.990889
0.747254
0.101710
0.004908
0.961842
0.491955
0.853916
0.144635
0.787372
0.970523
0.061111
0.900128
0.941633
0.624078
0.450777
0.714735
0.022865
0.284182
0.181608
0.508671
0.402808
0.552722
0.969491
0.754215
0.891737
0.384917
0.854101
0.879029
0.669130
0.125452
0.856133
0.247604
0.729955
0.247735
0.775152
0.970828
0.096585
0.046278
0.378068
0.793685
0.046338
0.532210
0.228240
0.311074
0.604639
0.781905
0.405200
0.761753
0.553808
0.988741
0.365007
0.650411
0.207480
0.467984
0.191221
0.447859
0.200638
0.864794
0.486508
0.619360
0.545278
0.815361
0.154863
0.231062
0.201701
0.311157
0.324464
0.384578
0.415425
0.016327
0.661147
0.729677
0.069724
0.788188
0.322508
0.305105
0.303793
0.650868
0.802632
0.957530
0.646534
0.472063
0.917439
0.588613
0.915977
0.592917
0.180667
0.480203
0.134310
0.661032
0.820469
0.947657
0.708551
0.916601
0.686641
0.571286
0.126832
0.181663
0.298473
0.255924
0.420316
0.802491
0.283229
0.368626
0.640733
0.795096
0.455243
0.204485
0.603548
0.443857
0.785650
0.030580
0.146746
0.603288
0.512733
0.958044
0.155250
0.952911
0.642906
0.892261
0.600956
0.455271
0.092311
0.811187
0.848402
0.267062
0.719044
0.621791
0.476051
0.353393
0.496009
0.844632
0.863210
0.055163
0.074395
0.376548
0.792568
0.859575
0.987774
0.581481
0.318357
0.623764
0.746832
0.959420
0.150147
0.501557
0.074717
0.643470
0.802253
0.823358
0.533017
0.975050
0.758780
0.179151
0.788362
0.407215
0.904283
0.954636
0.769650
0.986093
0.470060
0.570487
0.965899
0.660466
0.746061
0.674733
0.114721
0.669458
0.808431
0.538267
0.531429
0.258358
0.512674
0.903478
0.328758
0.972564
0.002440
0.536011
0.777220
0.779655
0.983940
0.729648
0.056078
0.269586
0.015984
0.014314
0.644952
0.183006
0.065649
0.317213
0.606039
0.517708
0.579563
0.827086
0.006971
0.463194
0.320821
0.811590
0.734286
0.413372
0.221527
0.637811
0.947535
0.307381
0.500952
0.245891
0.424004
0.548528
0.299329
0.325791
0.044068
0.751366
0.077263
0.447171
0.667167
0.566883
0.030772
0.392400
0.648407
0.835828
0.771952
0.942684
0.245788
0.320151
0.525263
0.367331
0.168053
0.262579
0.089445
0.866127
0.513168
0.024306
0.815058
0.214848
0.347421
0.050817
0.847643
0.863892
0.175150
0.415829
0.886515
0.740036
0.549091
0.193368
0.709175
0.001319
0.071362
0.907957
0.711347
0.995049
0.035056
0.312944
0.712645
0.668939
0.956475
0.746938
0.277863
0.685362
0.247974
0.318389
0.803884
0.488733
0.281446
0.168276
0.622227
0.576020
0.092416
0.060930
0.367201
0.220373
0.974772
0.552981
0.859704
0.897888
0.216117
0.990426
0.756630
0.667481
0.223741
0.583825
0.215911
0.753902
0.291228
0.811621
0.827181
0.583869
0.255678
0.401585
0.058065
0.525320
0.295562
0.140388
0.466093
0.579799
0.119196
0.761296
0.926237
0.277965
0.793846
0.159987
0.124079
0.028225
0.465450
0.188501
0.564597
0.168487
0.218973
0.277307
0.346581
0.971048
0.329383
0.135501
0.952668
0.850601
0.153249
0.779124
0.305014
0.025365
0.910975
0.137606
0.336575
0.881345
0.609644
0.488342
0.328024
0.289715
0.356498
0.969382
0.260292
0.127326
0.313041
0.420253
0.432730
0.250337
0.539762
0.800903
0.596898
0.170974
0.981489
0.438777
0.855980
0.687412
0.843365
0.354002
0.579822
0.716785
0.607449
0.912719
0.585597
0.581316
0.939945
0.058519
0.834093
0.997578
0.739049
0.372018
0.891630
0.018873
0.573430
0.208551
0.407595
0.180743
0.761328
0.163993
0.857608
0.099601
0.340285
0.118705
0.802310
0.774489
0.177491
0.109599
0.911782
0.841962
0.470765
0.280343
0.005575
0.034095
0.890156
0.159672
0.358382
0.089615
0.610165
0.517838
0.521325
0.368161
0.482605
0.051179
0.908865
0.417663
0.600069
0.144818
0.401349
0.744857
0.500036
0.963474
0.213164
0.038907
0.259597
0.120420
0.276536
0.098173
0.730808
0.174541
0.390938
0.710089
0.166662
0.205539
0.388130
0.734171
0.487697
0.717247
0.562823
0.638151
0.439215
0.119078
0.618971
0.737232
0.889140
0.035593
0.381682
0.386476
0.516494
0.694197
0.524756
0.376307
0.140492
0.640961
0.563853
0.781146
0.940278
0.034565
0.365280
0.511167
0.815268
0.768368
0.420403
0.817185
0.136134
0.670607
0.135690
0.998655
0.136400
0.032712
0.388373
0.564815
0.194671
0.715757
0.597737
0.098934
0.257483
0.085025
0.562033
0.075702
0.652782
0.022706
0.311021
0.881735
0.544025
0.268720
0.224128
0.289208
0.274904
0.339655
0.664243
0.632612
0.854700
0.275846
0.377129
0.938639
0.834259
0.466561
0.906460
0.259188
0.822595
0.803331
0.274486
0.457497
0.894112
0.411388
0.178325
0.697406
0.136461
0.209239
0.951873
0.885732
0.589013
0.546360
0.543345
0.317781
0.821963
0.169016
0.758441
0.775984
0.406054
0.764207
0.019131
0.331647
0.522931
0.331739
0.888070
0.099842
0.966116
0.634418
0.608641
0.197408
0.782608
0.976370
0.910613
0.154089
0.805116
0.559489
0.331437
0.026790
0.324902
0.668003
0.303153
0.466956
0.155264
0.931174
0.254933
0.991086
0.335634
0.914115
0.981246
0.704364
0.726307
0.286735
0.525644
0.727414
0.743790
0.820814
0.830178
0.576185
0.486781
0.465193
0.400436
0.744958
0.502769
0.749095
0.236209
0.742481
0.445261
0.763574
0.277778
0.831225
0.871635
0.971081
0.617827
0.719765
0.431613
0.093164
0.728988
0.458291
0.696366
0.326282
0.956996
0.787240
0.878240
0.135756
0.529488
0.189053
0.691104
0.877837
0.330407
0.893058
0.601333
0.499901
0.690050
0.083478
0.719405
0.568771
0.440727
0.560564
0.582126
0.877159
0.488050
0.104853
0.075488
0.878240
0.147849
0.794550
0.748139
0.198345
0.498712
0.526036
0.765488
0.477783
0.000145
0.987502
0.754431
0.789784
0.626364
0.335705
0.788702
0.887573
0.765710
0.825852
0.764852
0.529559
0.135685
0.644608
0.418844
0.132664
0.963619
0.196227
0.233289
0.003760
0.682956
0.091814
0.485289
0.399244
0.395171
0.091701
0.684919
0.662734
0.347309
0.250961
0.654327
0.690884
0.675144
0.518040
0.497459
0.977337
0.661976
0.036510
0.710413
0.484787
0.763040
0.399958
0.682413
0.595182
0.645544
0.109989
0.837415
0.388039
0.494339
0.487363
0.666326
0.496892
0.833200
0.286249
0.899865
0.793860
0.111747
0.261609
0.072032
0.152345
0.307981
0.939708
0.724211
0.537850
0.796448
0.841745
0.499901
0.676928
0.732028
0.410609
0.380063
0.554246
0.199350
0.890766
0.309097
0.987786
0.377831
0.411262
0.461445
0.532163
0.972340
0.521861
0.398818
0.960071
0.159484
0.432298
0.368046
0.571853
0.299530
0.204665
0.989555
0.583195
0.663932
0.148918
0.586469
0.840948
0.428509
0.671508
0.404336
0.117074
0.182221
0.827143
0.971481
0.230714
0.201593
0.823667
0.849980
0.248386
0.740748
0.730067
0.027263
0.012301
0.587074
0.637612
0.198341
0.246813
0.132513
0.524102
0.188659
0.492988
0.210472
0.071259
0.767568
0.121298
0.948366
0.685229
0.102429
0.672442
0.885780
0.970220
0.103343
0.776290
0.608260
0.905253
0.908496
0.898958
0.146722
0.974051
0.760141
0.167997
0.392499
0.498046
0.521197
0.525717
0.777996
0.422506
0.082475
0.460633
0.472988
0.805802
0.910532
0.567032
0.346527
0.261781
0.986147
0.182672
0.944485
0.605284
0.383419
0.354598
0.732716
0.950770
0.739498
0.383093
0.855847
0.514078
0.864935
0.193743
0.661691
0.367310
0.744658
0.787636
0.241286
0.396838
0.179574
0.019679
0.234558
0.714435
0.318796
0.955047
0.151613
0.771538
0.332494
0.053750
0.459648
0.426624
0.475371
0.433330
0.685492
0.215723
0.790767
0.459682
0.783768
0.076050
0.705380
0.915997
0.020686
0.772760
0.764627
0.999835
0.623453
0.278834
0.758609
0.398318
0.445314
0.358084
0.488724
0.691452
0.896214
0.601289
0.424884
0.333571
0.389092
0.165451
0.503373
0.462907
0.551788
0.466176
0.315319
0.789290
0.454590
0.073187
0.935801
0.809960
0.103390
0.058950
0.643568
0.603519
0.448480
0.050439
0.781399
0.452000
0.158960
0.234012
0.007073
0.541059
0.412784
0.563425
0.184974
0.988301
0.952416
0.420958
0.168316
0.449719
0.656126
0.981681
0.721996
0.554270
0.874901
0.530829
0.836069
0.416566
0.784983
0.984315
0.679849
0.477696
0.006035
0.862361
0.446639
0.924173
0.734931
0.966256
0.339080
0.935002
0.645167
0.008237
0.945127
0.006874
0.801900
0.444501
0.254653
0.607492
0.842618
0.761334
0.566671
0.407009
0.673420
0.464370
0.537192
0.337603
0.930939
0.020973
0.617697
0.731174
0.459874
0.005750
0.134239
0.785158
0.056157
0.699174
0.257172
0.606476
0.725744
0.389351
0.111498
0.083608
0.709025
0.626899
0.277850
0.836779
0.520866
0.682954
0.934088
0.496290
0.256272
0.460306
0.887526
0.558954
0.411677
0.107657
0.747790
0.072673
0.471855
0.587000
0.490284
0.399130
0.512465
0.444131
0.660301
0.304609
0.068208
0.032279
0.467744
0.628944
0.516620
0.438866
0.022482
0.782583
0.227488
0.365388
0.960320
0.321790
0.727884
0.210423
0.709607
0.851962
0.132832
0.605766
0.648460
0.509072
0.091599
0.655683
0.402616
0.269245
0.499604
0.129299
0.533906
0.336449
0.225960
0.856099
0.869360
0.858317
0.106641
0.574566
0.720934
0.220091
0.453264
0.483940
0.245858
0.166693
0.327509
0.749094
0.197614
0.002922
0.831157
0.208550
0.317539
0.121772
0.661752
0.535604
0.617051
0.110877
0.183890
0.102590
0.800499
0.687085
0.266137
0.798261
0.078642
0.709148
0.133563
0.048294
0.622747
0.518546
0.485910
0.288927
0.909321
0.858433
0.131378
0.143714
0.205456
0.620704
0.386042
0.553410
0.444811
0.671191
0.488890
0.108974
0.744212
0.002987
0.282483
0.837710
0.810877
0.467886
0.409253
0.692517
0.490268
0.335958
0.273408
0.994277
0.704570
0.933241
0.018475
0.077358
0.031789
0.607563
0.770467
0.388252
0.175481
0.272487
0.396665
0.287330
0.575103
0.779381
0.030040
0.803724
0.406990
0.367612
0.609283
0.593337
0.225954
0.442871
0.684480
0.349976
0.497516
0.933613
0.738391
0.919606
0.270751
0.475630
0.273370
0.367737
0.241768
0.674744
0.913901
0.249931
0.457813
0.697632
0.774766
0.335431
0.911993
0.440767
0.344830
0.033927
0.278628
0.527489
0.136454
0.775428
0.039227
0.383202
0.350542
0.593280
0.249094
0.638692
0.807195
0.160292
0.194546
0.111575
0.392007
0.527996
0.190775
0.615866
0.267976
0.819033
0.770314
0.849674
0.103044
0.122653
0.512149
0.611020
0.563261
0.843356
0.761436
0.591790
0.321573
0.752646
0.489858
0.999795
0.832240
0.993913
0.546602
0.258975
0.120869
0.290442
0.549958
0.037714
0.840082
0.606548
0.669546
0.855287
0.840804
0.511829
0.549168
0.516433
0.509179
0.498554
0.620287
0.624044
0.119106
0.502165
0.056124
0.419992
0.450403
0.874917
0.616387
0.204070
0.922600
0.062628
0.632622
0.581064
0.494350
0.234568
0.384192
0.785947
0.578467
0.116465
0.114876
0.337202
0.222593
0.276636
0.940093
0.268265
0.805486
0.115246
0.894760
0.187095
0.498933
0.806691
0.371765
0.413872
0.745290
0.445109
0.201066
0.446814
0.000646
0.643004
0.619424
0.006124
0.993613
0.833013
0.380748
0.906061
0.749736
0.522785
0.257076
0.005134
0.631539
0.752989
0.180175
0.484423
0.644182
0.008445
0.273765
0.704024
0.256755
0.832385
0.026378
0.887619
0.989190
0.393836
0.854825
0.885173
0.014801
0.258123
0.308304
0.263751
0.028444
0.610508
0.163126
0.976467
0.630314
0.182943
0.658065
0.859553
0.475353
0.133955
0.120332
0.207552
0.438288
0.131654
0.232183
0.676643
0.044302
0.889866
0.188142
0.766080
0.415315
0.407390
0.992850
0.127771
0.981905
0.160378
0.149545
0.953962
0.210840
0.497850
0.989166
0.693069
0.598249
0.490320
0.890071
0.343616
0.178408
0.481557
0.638399
0.576305
0.798153
0.593467
0.179037
0.934217
0.406918
0.434102
0.007230
0.361126
0.612406
0.258791
0.450800
0.307949
0.751869
0.834399
0.093004
0.667314
0.729028
0.256708
0.586005
0.786255
0.866611
0.970929
0.104979
0.807034
0.024515
0.245330
0.692837
0.586084
0.233598
0.347996
0.745580
0.441082
0.095089
0.676713
0.888271
0.976143
0.195632
0.091973
0.491642
0.235139
0.787947
0.703110
0.079318
0.433146
0.987119
0.357554
0.875668
0.516016
0.732515
0.083217
0.744282
0.798068
0.765318
0.734002
0.767072
0.927911
0.871695
0.088429
0.714002
0.432389
0.641585
0.651402
0.653435
0.088650
0.993114
0.409083
0.953110
0.374346
0.712632
0.786908
0.921748
0.245946
0.260378
0.060712
0.341275
0.495187
0.091770
0.470995
0.139671
0.933642
0.744318
0.290296
0.454454
0.655416
0.940163
0.093708
0.336774
0.627966
0.954241
0.482508
0.346145
0.861045
0.498075
0.510913
0.285793
0.403775
0.369182
0.065968
0.328634
0.419843
0.116122
0.450546
0.783877
0.590815
0.969153
0.419490
0.754247
0.097588
0.286524
0.918863
0.933841
0.429958
0.766390
0.778335
0.796599
0.274315
0.674349
0.606689
0.425411
0.729464
0.336607
0.140457
0.231842
0.100568
0.148769
0.295673
0.816481
0.521223
0.350246
0.172758
0.219920
0.653648
0.814305
0.264530
0.814355
0.717009
0.103724
0.117333
0.085814
0.093863
0.042084
0.695298
0.557005
0.764729
0.050684
0.697724
0.100795
0.820781
0.501080
0.079586
0.894313
0.304671
0.333247
0.025167
0.263673
0.629475
0.189370
0.624820
0.669328
0.825759
0.313259
0.504844
0.082046
0.866778
0.465385
0.660499
0.999512
0.321796
0.103545
0.742133
0.353554
0.587530
0.079153
0.044442
0.557992
0.947720
0.099154
0.448855
0.947121
0.710828
0.203558
0.569038
0.854807
0.675853
0.508612
0.349528
0.584215
0.176280
0.465583
0.367495
0.518162
0.952148
0.885174
0.087617
0.620091
0.100247
0.977563
0.320094
0.575676
0.352440
0.658068
0.131779
0.825044
0.932102
0.368435
0.460434
0.735630
0.238698
0.663752
0.682117
0.165655
0.610474
0.814988
0.381686
0.668222
0.415276
0.677157
0.576432
0.586048
0.719499
0.073110
0.642840
0.286812
0.785156
0.942944
0.196467
0.789133
0.645072
0.509044
0.174956
0.029174
0.006207
0.706748
0.374162
0.017862
0.731097
0.130633
0.687416
0.138747
0.147429
0.746432
0.297903
0.836474
0.435733
0.618571
0.074171
0.945885
0.345204
0.903335
0.418768
0.911748
0.487648
0.357654
0.819994
0.149104
0.459549
0.613522
0.356785
0.794250
0.042269
0.468031
0.406725
0.096335
0.730363
0.439036
0.807174
0.699588
0.838029
0.836449
0.719528
0.066172
0.433676
0.599146
0.446601
0.289657
0.352621
0.147511
0.453135
0.549125
0.537904
0.501598
0.839428
0.453893
0.959242
0.914919
0.518098
0.528868
0.360093
0.273862
0.343962
0.090519
0.082852
0.512726
0.447042
0.763486
0.222173
0.294387
0.018704
0.887799
0.356415
0.206588
0.800910
0.066732
0.107208
0.723849
0.528603
0.105283
0.777153
0.185012
0.575216
0.589270
0.315641
0.036399
0.051302
0.355063
0.862798
0.590607
0.606294
0.099931
0.121553
0.550916
0.183387
0.383020
0.807838
0.551332
0.977548
0.266957
0.428904
0.962253
0.846644
0.850072
0.639769
0.211751
0.425704
0.939255
0.427788
0.872493
0.194300
0.113428
0.375346
0.764276
0.747056
0.427648
0.250682
0.322193
0.517280
0.007835
0.176830
0.480421
0.203721
0.786122
0.628695
0.321637
0.150453
0.626830
0.508242
0.742054
0.929883
0.093074
0.547820
0.382087
0.378883
0.103987
0.291608
0.072642
0.338049
0.732570
0.905182
0.047030
0.344082
0.394172
0.063215
0.168506
0.525296
0.675588
0.165290
0.423431
0.950253
0.054788
0.129855
0.930065
0.679520
0.761268
0.016284
0.712979
0.770549
0.027027
0.725079
0.493094
0.485688
0.978167
0.026187
0.743343
0.953314
0.417121
0.165447
0.259965
0.532087
0.745505
0.299157
0.499415
0.128339
0.277592
0.006775
0.930906
0.716576
0.194416
0.131733
0.654567
0.313113
0.388498
0.200387
0.535242
0.652832
0.449198
0.669086
0.101895
0.819066
0.038690
0.249366
0.462654
0.076603
0.908563
0.561272
0.485473
0.157825
0.807053
0.364802
0.494422
0.251959
0.526888
0.619478
0.731601
0.947463
0.343767
0.622042
0.834678
0.377537
0.095462
0.472275
0.580055
0.818749
0.151546
0.116943
0.141655
0.992797
0.523740
0.221867
0.115339
0.321394
0.366896
0.122118
0.558939
0.384270
0.120591
0.100339
0.297931
0.830308
0.541361
0.243188
0.746717
0.991803
0.875547
0.125910
0.495540
0.451844
0.422774
0.575032
0.913026
0.814819
0.740054
0.759183
0.014347
0.930052
0.736508
0.858038
0.845007
0.818557
0.908723
0.559392
0.630262
0.552925
0.966724
0.634350
0.940152
0.340328
0.100578
0.840654
0.120171
0.058653
0.137622
0.404121
0.237552
0.495763
0.840309
0.328220
0.793186
0.541873
0.594692
0.781761
0.449154
0.585063
0.739519
0.814722
0.021896
0.359912
0.785963
0.652188
0.991002
0.499251
0.777973
0.816427
0.773618
0.039049
0.043251
0.327079
0.014495
0.126418
0.584853
0.229483
0.141644
0.180752
0.363415
0.701117
0.437631
0.757977
0.720004
0.986171
0.876491
0.367939
0.189599
0.408244
0.976263
0.494910
0.955186
0.711157
0.917156
0.071221
0.192488
0.977909
0.175341
0.654021
0.555320
0.377737
0.922361
0.555156
0.051557
0.991319
0.440171
0.174182
0.559744
0.964091
0.801804
0.784494
0.236318
0.237691
0.067657
0.022587
0.063460
0.109532
0.247410
0.330435
0.787573
0.870496
0.277557
0.601000
0.498382
0.770755
0.264580
0.276869
0.098663
0.563715
0.243729
0.152006
0.914591
0.878089
0.703443
0.126637
0.696719
0.668087
0.125384
0.165259
0.261579
0.991744
0.790104
0.707771
0.023909
0.367359
0.098333
0.783733
0.669504
0.958066
0.657894
0.079750
0.218692
0.834533
0.386240
0.209975
0.730437
0.565780
0.878621
0.439747
0.897065
0.388123
0.291869
0.112348
0.779615
0.202247
0.993818
0.028883
0.933815
0.648398
0.228337
0.031290
0.176686
0.509708
0.045998
0.038472
0.243766
0.693636
0.750362
0.785556
0.586964
0.041540
0.109898
0.516275
0.563034
0.216372
0.585514
0.878473
0.262678
0.918499
0.823731
0.272745
0.230272
0.679649
0.665464
0.904187
0.324219
0.484978
0.920439
0.787285
0.967923
0.473268
0.157233
0.953916
0.041393
0.965249
0.758938
0.114489
0.663468
0.070039
0.494448
0.022197
0.114670
0.119719
0.855374
0.790400
0.150678
0.182027
0.408583
0.413137
0.956433
0.901177
0.414364
0.738754
0.990863
0.916807
0.960216
0.146665
0.972232
0.111046
0.860258
0.177232
0.254122
0.933712
0.570276
0.364778
0.842028
0.055631
0.368378
0.523713
0.300592
0.600082
0.051293
0.737796
0.801448
0.202369
0.396275
0.302517
0.561701
0.147514
0.638649
0.870607
0.923031
0.836080
0.214974
0.050664
0.321415
0.828114
0.021829
0.708920
0.397482
0.715219
0.440230
0.224116
0.497489
0.070746
0.375667
0.945516
0.814920
0.728121
0.563771
0.104033
0.422717
0.637281
0.391600
0.426493
0.446127
0.549255
0.484555
0.703016
0.626182
0.778849
0.308917
0.557523
0.523799
0.295473
0.040013
0.671367
0.614507
0.392085
0.946006
0.710095
0.523798
0.182260
0.537306
0.203328
0.653103
0.175386
0.731611
0.627770
0.446397
0.179984
0.284570
0.943340
0.547421
0.785153
0.736073
0.832430
0.097535
0.670143
0.122166
0.892288
0.424199
0.992047
0.702588
0.030526
0.370066
0.101622
0.953935
0.313752
0.512717
0.837236
0.078451
0.519329
0.525006
0.646937
0.278441
0.640257
0.926042
0.788647
0.046310
0.593182
0.472786
0.858485
0.720227
0.379525
0.442281
0.897212
0.555415
0.949747
0.054501
0.324799
0.561062
0.020723
0.285829
0.953124
0.352866
0.096256
0.323160
0.326793
0.271192
0.940710
0.908622
0.642083
0.014866
0.755763
0.824936
0.494014
0.040587
0.310295
0.771384
0.701545
0.977968
0.273392
0.880416
0.460891
0.310197
0.000480
0.124876
0.076975
0.570329
0.022584
0.865852
0.522989
0.303197
0.488711
0.791152
0.078096
0.042954
0.811355
0.494408
0.293251
0.556237
0.765133
0.944802
0.535140
0.600954
0.288539
0.097415
0.358257
0.450698
0.238832
0.894207
0.955095
0.434788
0.350040
0.905615
0.934468
0.743932
0.644093
0.862785
0.677956
0.751517
0.545083
0.330416
0.524477
0.100522
0.946644
0.770245
0.032979
0.806056
0.482463
0.245140
0.573262
0.623525
0.249910
0.013834
0.494924
0.932419
0.236796
0.266272
0.124432
0.385726
0.701259
0.249589
0.840313
0.574972
0.754767
0.034711
0.476479
0.960885
0.398256
0.173584
0.303672
0.319684
0.261384
0.497022
0.839030
0.954991
0.294912
0.303186
0.733787
0.925374
0.666221
0.186683
0.989091
0.537508
0.107932
0.758296
0.749951
0.354963
0.969675
0.505334
0.927304
0.972625
0.222966
0.042608
0.898215
0.806725
0.669215
0.004033
0.534193
0.150510
0.600860
0.824854
0.807638
0.745532
0.165627
0.664498
0.226413
0.118558
0.683906
0.720053
0.346537
0.934112
0.169268
0.180365
0.613005
0.612638
0.302090
0.070767
0.778735
0.464291
0.106317
0.238430
0.151639
0.588348
0.579344
0.728343
0.919816
0.788248
0.525023
0.799907
0.804873
0.752260
0.839795
0.834170
0.293370
0.749765
0.501953
0.381672
0.696392
0.093175
0.514016
0.600925
0.287243
0.615472
0.048246
0.337514
0.767268
0.413370
0.045275
0.093824
0.309793
0.106104
0.515863
0.139389
0.432203
0.859847
0.795784
0.011871
0.946133
0.427746
0.003832
0.658664
0.235785
0.455587
0.952952
0.469112
0.114383
0.303085
0.764503
0.447372
0.508732
0.630796
0.435634
0.775880
0.221923
0.002658
0.609796
0.019459
0.024146
0.754156
0.800377
0.220045
0.321640
0.376107
0.317453
0.132037
0.653762
0.664077
0.147676
0.848272
0.268179
0.883421
0.037283
0.066629
0.024196
0.199945
0.028222
0.247258
0.874193
0.626195
0.697417
0.910425
0.173200
0.733373
0.349148
0.324995
0.066591
0.378873
0.410558
0.837528
0.205906
0.699450
0.280286
0.092010
0.042792
0.620001
0.880227
0.390203
0.951080
0.127990
0.160411
0.442622
0.426973
0.563477
0.807016
0.760133
0.617371
0.174788
0.403494
0.936186
0.426316
0.189800
0.294837
0.069661
0.449560
0.652860
0.404951
0.578349
0.987263
0.277321
0.257173
0.653048
0.384812
0.563704
0.447894
0.602296
0.951765
0.433491
0.823326
0.337716
0.708923
0.628540
0.609380
0.249999
0.213527
0.126117
0.744672
0.725502
0.712575
0.819567
0.666660
0.553474
0.874267
0.714601
0.800902
0.473908
0.347578
0.891210
0.003433
0.116020
0.399955
0.481203
0.206280
0.577348
0.883130
0.911371
0.516091
0.893480
0.777073
0.662280
0.015892
0.648403
0.562058
0.792679
0.519972
0.975483
0.668860
0.479543
0.531891
0.199066
0.257074
0.823736
0.655611
0.366700
0.571561
0.171303
0.709753
0.921993
0.127021
0.200376
0.794984
0.768087
0.970682
0.023724
0.564522
0.971757
0.273126
0.556906
0.947768
0.358142
0.497233
0.402070
0.577064
0.246093
0.395250
0.497360
0.167580
0.574152
0.083985
0.781959
0.100315
0.667151
0.448133
0.126749
0.458236
0.893442
0.121716
0.780607
0.765531
0.462744
0.297653
0.582312
0.679996
0.614626
0.615460
0.188086
0.888538
0.447601
0.377066
0.564761
0.455814
0.638859
0.340761
0.998565
0.875983
0.304613
0.343264
0.869537
0.077593
0.251082
0.999920
0.441568
0.631584
0.866087
0.733019
0.918059
0.412427
0.901278
0.378245
0.013218
0.962377
0.394991
0.619240
0.288969
0.808858
0.985717
0.500304
0.507492
0.984970
0.866210
0.267215
0.249388
0.003122
0.628209
0.786171
0.047467
0.531791
0.247793
0.790865
0.286163
0.025402
0.461353
0.207678
0.116573
0.557338
0.782201
0.808997
0.637118
0.106074
0.407787
0.444665
0.589838
0.544430
0.267560
0.101548
0.822302
0.581961
0.461438
0.041231
0.765147
0.910457
0.338911
0.265838
0.175242
0.802581
0.468771
0.561980
0.394481
0.413626
0.749459
0.372821
0.374192
0.036397
0.910043
0.748277
0.715177
0.559218
0.651821
0.623333
0.973380
0.377068
0.680547
0.674492
0.481171
0.005833
0.879280
0.004343
0.934264
0.649696
0.871866
0.904255
0.994252
0.971640
0.227033
0.945202
0.156775
0.317082
0.553123
0.646703
0.135309
0.640631
0.733440
0.973896
0.010575
0.385970
0.552229
0.912731
0.395584
0.568865
0.961276
0.373291
0.866298
0.313299
0.237135
0.671240
0.907919
0.090725
0.278980
0.837389
0.626807
0.912454
0.297080
0.005393
0.478011
0.725161
0.141903
0.127572
0.258441
0.259516
0.523842
0.268856
0.615654
0.581945
0.373565
0.728856
0.322266
0.599511
0.592990
0.242056
0.565996
0.767920
0.446894
0.506139
0.505324
0.252658
0.845130
0.288427
0.340787
0.793247
0.765486
0.360453
0.151885
0.520625
0.067158
0.510660
0.749627
0.977659
0.944851
0.885213
0.794692
0.592773
0.273508
0.906954
0.431219
0.856710
0.093660
0.022466
0.686219
0.452410
0.487404
0.527268
0.884617
0.588022
0.095002
0.719141
0.329913
0.783036
0.522110
0.629566
0.500476
0.357539
0.887628
0.583301
0.011451
0.874600
0.762177
0.836071
0.592303
0.785776
0.747203
0.540392
0.329982
0.529745
0.944697
0.289514
0.427708
0.334065
0.567555
0.489492
0.729386
0.970058
0.940549
0.809383
0.259649
0.710813
0.141930
0.959563
0.029517
0.742323
0.535653
0.048174
0.357690
0.277743
0.444234
0.765697
0.957457
0.624770
0.212217
0.647643
0.039243
0.456151
0.910288
0.665373
0.678764
0.533321
0.929989
0.395050
0.700823
0.133153
0.719078
0.014700
0.328721
0.427846
0.907504
0.379416
0.849297
0.067933
0.074005
0.424670
0.543590
0.218411
0.403338
0.147767
0.133132
0.297999
0.484131
0.417409
0.991858
0.671524
0.497356
0.861390
0.373649
0.545426
0.045434
0.082423
0.905490
0.316392
0.871961
0.452078
0.596268
0.623112
0.722057
0.732856
0.611177
0.351165
0.593345
0.778382
0.061762
0.841023
0.627554
0.561729
0.061584
0.549188
0.892742
0.781860
0.297506
0.412447
0.306147
0.298200
0.366607
0.165254
0.947670
0.643330
0.128724
0.860241
0.013970
0.863808
0.324615
0.841849
0.663191
0.939115
0.709746
0.423084
0.000319
0.028724
0.953706
0.515404
0.453153
0.797298
0.555249
0.461724
0.788908
0.068005
0.022953
0.322547
0.021443
0.053969
0.571513
0.865228
0.459112
0.417837
0.583656
0.506351
0.143240
0.409476
0.087673
0.457237
0.927222
0.331791
0.500591
0.322582
0.446258
0.584675
0.886959
0.402210
0.227693
0.537071
0.983262
0.945955
0.192003
0.477178
0.237959
0.611675
0.794392
0.890763
0.117149
0.376378
0.057020
0.317609
0.925859
0.150483
0.741853
0.036086
0.394958
0.345204
0.914141
0.825845
0.283697
0.643055
0.146521
0.058641
0.247871
0.221483
0.613739
0.367274
0.223612
0.679629
0.328007
0.142663
0.576799
0.918209
0.764976
0.109040
0.268097
0.222519
0.130337
0.227270
0.283626
0.798571
0.517051
0.176296
0.581245
0.012353
0.203198
0.662711
0.802467
0.582205
0.340454
0.808452
1.000000
0.974334
0.283193
0.866621
0.630909
0.251441
0.808214
0.515428
0.065407
0.624484
0.475090
0.980264
0.861269
0.957555
0.377148
0.233897
0.053866
0.475894
0.533069
0.524790
0.711838
0.927017
0.169113
0.483546
0.008375
0.444977
0.141975
0.057480
0.058136
0.367745
0.752255
0.523314
0.769785
0.257716
0.198567
0.827998
0.964157
0.375348
0.922259
0.507652
0.008048
0.855914
0.092769
0.434641
0.213625
0.839385
0.483598
0.642767
0.253468
0.803443
0.988917
0.480590
0.841236
0.349607
0.030786
0.342873
0.927952
0.692497
0.107012
0.230156
0.663917
0.102213
0.729624
0.386445
0.376255
0.549842
0.003971
0.265037
0.812069
0.806094
0.098453
0.072462
0.897237
0.243059
0.854872
0.140559
0.260820
0.589089
0.789404
0.376664
0.775107
0.886805
0.734208
0.041934
0.361275
0.904232
0.369646
0.107795
0.310678
0.249054
0.897138
0.440507
0.371765
0.436000
0.102637
0.063862
0.852613
0.157351
0.060733
0.750003
0.989098
0.006569
0.729375
0.188374
0.828677
0.905061
0.685228
0.982784
0.879808
0.482058
0.249645
0.726604
0.776986
0.657621
0.255272
0.406090
0.211407
0.678781
0.703273
0.381827
0.377258
0.858787
0.561181
0.198297
0.183632
0.269498
0.951374
0.471579
0.482063
0.636885
0.980181
0.105164
0.559697
0.689665
0.457602
0.083904
0.148072
0.211061
0.757664
0.096081
0.197542
0.043682
0.069398
0.233602
0.667308
0.297533
0.288437
0.020321
0.581086
0.011145
0.799245
0.018483
0.598395
0.515838
0.397968
0.263293
0.351471
0.753096
0.605913
0.775613
0.797808
0.795084
0.623643
0.402783
0.838318
0.818271
0.175712
0.237566
0.451125
0.780198
0.496009
0.865216
0.590975
0.049352
0.703741
0.688675
0.104276
0.238180
0.820029
0.581895
0.909764
0.489216
0.675138
0.121280
0.694790
0.464347
0.956328
0.645259
0.377236
0.287186
0.646330
0.391979
0.583050
0.688588
0.102448
0.965127
0.389416
0.605279
0.026284
0.377877
0.583539
0.481614
0.574091
0.924955
0.687060
0.524459
0.857753
0.132838
0.996093
0.161202
0.086378
0.038076
0.886895
0.950884
0.598533
0.043734
0.637148
0.198454
0.035090
0.603961
0.012879
0.522158
0.902706
0.986693
0.870993
0.624039
0.777923
0.364462
0.027444
0.513579
0.401895
0.483352
0.641017
0.434448
0.915739
0.160063
0.362749
0.744393
0.486511
0.857107
0.500963
0.998242
0.573811
0.586131
0.451932
0.484039
0.087006
0.389359
0.646172
0.462301
0.683080
0.649166
0.260354
0.358402
0.455117
0.475770
0.944840
0.158078
0.261397
0.423053
0.816854
0.256062
0.945124
0.782507
0.969263
0.007843
0.694779
0.705306
0.744998
0.234545
0.795095
0.402496
0.027088
0.930939
0.018658
0.673324
0.794328
0.426572
0.908136
0.011672
0.192565
0.250028
0.199128
0.540639
0.371613
0.946309
0.633642
0.025226
0.337794
0.097343
0.414198
0.213165
0.072099
0.795618
0.548549
0.753857
0.163978
0.820938
0.335041
0.945449
0.210757
0.770306
0.238581
0.560023
0.232672
0.390934
0.407245
0.996921
0.353536
0.366374
0.079500
0.014189
0.997029
0.805776
0.132061
0.288144
0.848611
0.686271
0.018359
0.051077
0.833058
0.498478
0.347653
0.057064
0.357633
0.345138
0.354749
0.125919
0.070867
0.742873
0.510352
0.515258
0.386981
0.377065
0.522049
0.370702
0.025917
0.059867
0.975901
0.504189
0.819009
0.141335
0.868678
0.750424
0.030269
0.623685
0.280707
0.151449
0.443299
0.228676
0.439346
0.219338
0.463836
0.668121
0.423092
0.527016
0.487909
0.367513
0.756300
0.877207
0.785633
0.892790
0.144541
0.299500
0.150622
0.330215
0.600575
0.125549
0.565027
0.869380
0.210954
0.392392
0.130201
0.839346
0.793248
0.823894
0.512986
0.447895
0.693895
0.640319
0.157632
0.473917
0.976682
0.446025
0.513330
0.162913
0.251842
0.445287
0.527380
0.575633
0.395782
0.236237
0.653978
0.639830
0.411435
0.432938
0.628635
0.155145
0.679239
0.365580
0.258206
0.001113
0.848733
0.108797
0.476564
0.798298
0.620786
0.088114
0.915885
0.272549
0.670453
0.514518
0.243562
0.572384
0.960444
0.897154
0.514743
0.789496
0.695231
0.884142
0.790498
0.932389
0.165772
0.681525
0.271607
0.603132
0.734864
0.300340
0.197971
0.627245
0.213119
0.881810
0.763655
0.886706
0.875564
0.350668
0.297552
0.606080
0.368872
0.646599
0.959668
0.341785
0.759209
0.783813
0.203042
0.924466
0.970710
0.988740
0.251279
0.604509
0.864587
0.165846
0.841718
0.650671
0.208848
0.941587
0.484221
0.651838
0.788654
0.536471
0.485584
0.771908
0.907291
0.715256
0.989579
0.207800
0.527777
0.065272
0.282617
0.100585
0.305084
0.852866
0.615039
0.149745
0.758990
0.707970
0.788026
0.180556
0.837559
0.386798
0.756141
0.914594
0.121239
0.862666
0.495493
0.193371
0.917590
0.994938
0.387524
0.905088
0.496634
0.026095
0.368427
0.864523
0.716836
0.156931
0.094180
0.896036
0.291700
0.449874
0.371214
0.369702
0.947000
0.310430
0.102701
0.440570
0.718626
0.796754
0.000467
0.241044
0.641069
0.007345
0.312532
0.276391
0.076515
0.796867
0.816275
0.273378
0.934574
0.070094
0.327220
0.732022
0.032633
0.903980
0.973453
0.430480
0.846831
0.747853
0.485661
0.133054
0.903661
0.951740
0.752794
0.751322
0.062197
0.872807
0.893356
0.208399
0.936944
0.809931
0.092317
0.256319
0.711318
0.016396
0.453655
0.496541
0.591742
0.040715
0.118517
0.853583
0.152379
0.645570
0.899010
0.751782
0.820477
0.554890
0.677616
0.245172
0.752353
0.279037
0.822226
0.350495
0.349987
0.268136
0.866812
0.833336
0.668254
0.643512
0.707708
0.697375
0.962773
0.757265
0.565531
0.626774
0.628384
0.829967
0.962713
0.631684
0.778250
0.916474
0.966673
0.146878
0.713583
0.449883
0.948600
0.833508
0.533997
0.613591
0.107868
0.333987
0.138482
0.791499
0.012078
0.230000
0.867008
0.346326
0.402720
0.453634
0.032750
0.976060
0.516460
0.401636
0.594940
0.898524
0.172060
0.002798
0.222345
0.114072
0.872910
0.988461
0.997365
0.996412
0.175196
0.616152
0.010764
0.461547
0.571691
0.096340
0.097018
0.964849
0.141163
0.972317
0.960294
0.576253
0.213420
0.703209
0.941050
0.383577
0.299971
0.700107
0.673261
0.473969
0.540316
0.065324
0.882273
0.743473
0.913858
0.284781
0.573279
0.784729
0.467447
0.123512
0.860416
0.102793
0.808539
0.974297
0.686501
0.909078
0.113986
0.909419
0.683371
0.743429
0.904453
0.685552
0.422870
0.174316
0.834455
0.951763
0.308443
0.827155
0.748019
0.910645
0.357367
0.990752
0.249977
0.682580
0.123602
0.051876
0.042879
0.623116
0.011264
0.007953
0.279530
0.843479
0.228732
0.307883
0.181155
0.184202
0.633371
0.270992
0.171190
0.891887
0.716882
0.334097
0.774693
0.249084
0.981285
0.376704
0.533386
0.407302
0.955514
0.374324
0.186316
0.673140
0.102646
0.629926
0.366148
0.497544
0.867753
0.833501
0.061075
0.418192
0.116379
0.199758
0.092360
0.205001
0.213640
0.933948
0.857497
0.458759
0.993952
0.275805
0.589004
0.912882
0.871380
0.371619
0.378834
0.688302
0.340619
0.224431
0.218416
0.751468
0.118591
0.972351
0.304316
0.825481
0.176675
0.745007
0.859532
0.004357
0.913555
0.348112
0.720400
0.320400
0.718702
0.026161
0.939141
0.514720
0.176469
0.553253
0.652018
0.260857
0.160823
0.902032
0.463132
0.091547
0.070694
0.740761
0.593831
0.278598
0.455950
0.008514
0.047748
0.915900
0.284003
0.818501
0.041472
0.455560
0.097033
0.939509
0.950831
0.947159
0.309837
0.105475
0.022807
0.230131
0.898310
0.403178
0.103076
0.329275
0.728547
0.988065
0.629172
0.303389
0.776562
0.378189
0.139278
0.797022
0.488650
0.576287
0.546635
0.545361
0.532356
0.269968
0.429586
0.082239
0.188078
0.360040
0.587237
0.901267
0.631297
0.066949
0.110749
0.320091
0.355425
0.865355
0.220248
0.297774
0.985283
0.496824
0.117367
0.455309
0.731201
0.310647
0.103412
0.549244
0.733747
0.182791
0.213144
0.648446
0.549078
0.262963
0.614201
0.263983
0.024914
0.799809
0.022133
0.682127
0.817144
0.294233
0.381065
0.750493
0.797047
0.230842
0.059989
0.367294
0.599149
0.637519
0.814677
0.923722
0.559697
0.723114
0.765220
0.949461
0.295760
0.843267
0.639190
0.211313
0.174956
0.044355
0.530434
0.514962
0.925805
0.435556
0.423482
0.459854
0.638704
0.639053
0.733591
0.397203
0.407528
0.568346
0.112407
0.841128
0.861860
0.784705
0.769254
0.582907
0.839837
0.681732
0.558047
0.758364
0.451632
0.748065
0.079835
0.118371
0.783552
0.158190
0.050960
0.752487
0.492767
0.941395
0.186850
0.515710
0.542660
0.978831
0.851430
0.408365
0.328803
0.078714
0.722164
0.159108
0.445560
0.379645
0.720718
0.261063
0.343314
0.332051
0.459247
0.711073
0.126316
0.507760
0.452311
0.702091
0.741164
0.487691
0.344417
0.518681
0.805905
0.077682
0.403175
0.885655
0.329759
0.102427
0.528095
0.019829
0.573470
0.027553
0.024999
0.634906
0.300289
0.659810
0.396055
0.149483
0.667567
0.175396
0.395450
0.348188
0.008987
0.726398
0.600671
0.745932
0.757415
0.875367
0.749423
0.905294
0.758374
0.108009
0.092168
0.957032
0.224148
0.674007
0.010288
0.573710
0.578509
0.005967
0.149874
0.646461
0.442065
0.966487
0.321141
0.914868
0.008241
0.173354
0.413468
0.799969
0.059877
0.652863
0.576057
0.690395
0.876458
0.071261
0.914230
0.931623
0.281961
0.794321
0.951335
0.768363
0.083337
0.025034
0.106292
0.490063
0.149608
0.269433
0.436752
0.029541
0.381595
0.380531
0.897889
0.264747
0.822271
0.430401
0.366811
0.273642
0.157736
0.660364
0.682604
0.792206
0.858819
0.759312
0.951992
0.125573
0.213304
0.720155
0.370626
0.762288
0.498784
0.524386
0.810001
0.941689
0.546134
0.904782
0.419992
0.424415
0.943613
0.436223
0.497021
0.716039
0.131596
0.204634
0.867842
0.993827
0.637917
0.304059
0.038961
0.986618
0.703853
0.411854
0.361668
0.057834
0.550720
0.692010
0.462707
0.741614
0.537105
0.276596
0.190563
0.982068
0.456711
0.575328
0.327373
0.325663
0.226841
0.663269
0.316471
0.316730
0.217493
0.996645
0.255547
0.346096
0.471090
0.706792
0.405438
0.202842
0.062832
0.722227
0.464544
0.579187
0.851670
0.968841
0.858863
0.778495
0.871909
0.898222
0.297657
0.876408
0.615437
0.594099
0.844743
0.585103
0.454570
0.706913
0.755405
0.070675
0.455537
0.466509
0.328932
0.973647
0.832574
0.022963
0.026783
0.882600
0.292655
0.365520
0.106379
0.510931
0.520842
0.069670
0.020513
0.826739
0.056264
0.122339
0.832391
0.385829
0.808714
0.075213
0.896294
0.117845
0.465879
0.776181
0.053871
0.815533
0.041190
0.928906
0.596050
0.577116
0.812300
0.730519
0.240578
0.451808
0.900184
0.837443
0.375183
0.538443
0.738869
0.909334
0.816369
0.787237
0.685778
0.981154
0.333822
0.754666
0.022715
0.913365
0.190455
0.561476
0.597463
0.170249
0.948071
0.303817
0.356009
0.176357
0.788649
0.167499
0.015398
0.501073
0.601261
0.495376
0.127208
0.121315
0.084612
0.057852
0.781653
0.012352
0.115200
0.776516
0.202310
0.316750
0.631110
0.150900
0.481466
0.341445
0.281423
0.638357
0.706100
0.632934
0.091260
0.237078
0.724484
0.380596
0.392441
0.522214
0.803405
0.398142
0.269779
0.385143
0.426022
0.933179
0.772991
0.725846
0.480339
0.554911
0.144238
0.348421
0.088308
0.369953
0.311287
0.309709
0.325556
0.816284
0.896306
0.971059
0.081734
0.285309
0.990271
0.003204
0.311498
0.822061
0.943008
0.594274
0.926105
0.153519
0.418858
0.110926
0.575646
0.295052
0.967966
0.462604
0.571892
0.984991
0.363194
0.418917
0.201772
0.197324
0.952658
0.130155
0.681478
0.982514
0.277897
0.100914
0.001186
0.886450
0.207660
0.866856
0.910411
0.197510
0.837317
0.624597
0.293985
0.271763
0.403901
0.064706
0.188655
0.186284
0.466775
0.657845
0.690309
0.970603
0.603913
0.644023
0.001834
0.666274
0.873821
0.974980
0.871584
0.464569
0.293076
0.459695
0.672489
0.172300
0.579484
0.363019
0.371777
0.255765
0.410875
0.707432
0.641326
0.712815
0.449515
0.527927
0.358642
0.023055
0.382144
0.330014
0.748461
0.426157
0.225644
0.000860
0.414973
0.778311
0.148322
0.423540
0.514677
0.236793
0.056828
0.044424
0.319854
0.022661
0.198695
0.643681
0.422672
0.511576
0.030499
0.558917
0.829908
0.902744
0.601654
0.611927
0.198305
0.715990
0.703818
0.988583
0.460545
0.366952
0.035940
0.321839
0.091851
0.070403
0.634919
0.227863
0.267216
0.321690
0.821896
0.545298
0.159250
0.206314
0.914166
0.527641
0.626660
0.787618
0.952717
0.238755
0.543353
0.822608
0.695397
0.401497
0.018157
0.055902
0.125700
0.949482
0.755177
0.341799
0.727179
0.531958
0.804773
0.844471
0.773491
0.221821
0.955154
0.566287
0.884053
0.676744
0.014615
0.454257
0.095339
0.003435
0.234379
0.334603
0.697789
0.575021
0.122080
0.925453
0.088347
0.051556
0.895860
0.177661
0.888631
0.853651
0.829101
0.193757
0.578716
0.339237
0.735771
0.975009
0.896552
0.933441
0.846404
0.246627
0.253000
0.461601
0.324699
0.611076
0.412500
0.935393
0.674750
0.279528
0.689355
0.042093
0.288894
0.631425
0.909650
0.586955
0.386191
0.852182
0.388787
0.138725
0.591523
0.899002
0.174653
0.128269
0.405320
0.044822
0.806406
0.650332
0.813914
0.250385
0.838889
0.218423
0.290515
0.614435
0.382671
0.722820
0.436812
0.152035
0.909711
0.841702
0.515197
0.151017
0.574645
0.155412
0.121623
0.356546
0.301701
0.213833
0.249073
0.233823
0.887240
0.806903
0.991669
0.558896
0.367917
0.688241
0.139391
0.587614
0.904472
0.001910
0.913435
0.052693
0.431144
0.662296
0.092187
0.238911
0.320707
0.937118
0.777822
0.386430
0.315141
0.483561
0.053536
0.672240
0.971913
0.087532
0.781393
0.019732
0.875897
0.356047
0.790803
0.986389
0.866910
0.612731
0.707625
0.979608
0.532876
0.246459
0.673892
0.050648
0.218619
0.763109
0.208162
0.516698
0.800269
0.790448
0.456495
0.661070
0.475311
0.286135
0.084057
0.761526
0.818243
0.198860
0.057344
0.696714
0.351863
0.832596
0.567033
0.380748
0.884191
0.163986
0.341460
0.275896
0.860999
0.362849
0.600721
0.233404
0.983984
0.765812
0.901402
0.912440
0.344548
0.553072
0.121922
0.027166
0.323218
0.378272
0.838519
0.671930
0.504687
0.201514
0.341846
0.974589
0.858469
0.575490
0.544200
0.327954
0.435197
0.634742
0.027370
0.449360
0.828534
0.038041
0.481121
0.518361
0.652711
0.113897
0.782285
0.642550
0.285692
0.459192
0.964498
0.901506
0.127962
0.240938
0.328544
0.218863
0.626945
0.451157
0.943337
0.312504
0.317036
0.364893
0.787516
0.972884
0.125273
0.451343
0.781681
0.919475
0.192619
0.988113
0.961234
0.485333
0.460882
0.628604
0.039864
0.379798
0.275249
0.172518
0.613644
0.779311
0.252455
0.789490
0.255759
0.996361
0.664567
0.945848
0.751857
0.976554
0.588401
0.284494
0.726026
0.873808
0.070563
0.707914
0.907396
0.953678
0.558107
0.914307
0.287366
0.074793
0.844831
0.636847
0.417452
0.998433
0.783185
0.836064
0.097769
0.776224
0.011816
0.095350
0.706127
0.465954
0.948725
0.469594
0.417762
0.425521
0.300063
0.036942
0.565687
0.435005
0.334541
0.403674
0.391665
0.896859
0.173470
0.412217
0.437814
0.364235
0.346426
0.302275
0.828833
0.647423
0.862537
0.575087
0.694852
0.748426
0.047399
0.810812
0.984912
0.873654
0.395614
0.689034
0.921061
0.774742
0.688955
0.462398
0.343087
0.667501
0.630154
0.133362
0.193864
0.978981
0.242317
0.584088
0.395332
0.172672
0.283961
0.909444
0.365097
0.901822
0.929682
0.203136
0.423660
0.740882
0.966440
0.046972
0.342263
0.745077
0.755476
0.953239
0.281372
0.088103
0.209848
0.010213
0.369776
0.027944
0.037600
0.980790
0.174310
0.450817
0.500544
0.104248
0.310215
0.243249
0.938682
0.851126
0.442105
0.742262
0.310239
0.881234
0.925575
0.513704
0.997328
0.454782
0.339424
0.708684
0.127243
0.546644
0.158512
0.248153
0.659368
0.913736
0.817227
0.085588
0.487720
0.365525
0.413598
0.797823
0.809111
0.487662
0.304011
0.753985
0.006936
0.068741
0.838569
0.112573
0.300590
0.480179
0.487062
0.896646
0.410506
0.259228
0.605574
0.397146
0.488818
0.145103
0.093706
0.154347
0.565649
0.818242
0.192427
0.767418
0.761030
0.592692
0.672556
0.782124
0.512434
0.311611
0.663857
0.906645
0.067942
0.695904
0.374767
0.805520
0.495032
0.395980
0.952753
0.721720
0.454994
0.996637
0.735282
0.176838
0.992967
0.225067
0.141424
0.999415
0.593604
0.611989
0.454081
0.931384
0.752361
0.855908
0.742838
0.062638
0.312414
0.140500
0.177436
0.343726
0.817192
0.655113
0.981879
0.426677
0.128546
0.568407
0.279157
0.083939
0.560537
0.705108
0.076597
0.455454
0.778847
0.175891
0.641842
0.373854
0.715823
0.210391
0.519452
0.017776
0.751139
0.443331
0.438129
0.143312
0.408083
0.903783
0.358571
0.143578
0.815474
0.957548
0.911946
0.186410
0.185198
0.452670
0.478995
0.680183
0.555377
0.318061
0.159758
0.317755
0.049152
0.865263
0.883927
0.948543
0.899102
0.043332
0.911820
0.528710
0.487279
0.896842
0.975986
0.399494
0.650878
0.477020
0.313428
0.143646
0.503518
0.456005
0.838455
0.270006
0.022162
0.694229
0.706163
0.976193
0.649655
0.010924
0.516530
0.239430
0.162887
0.407758
0.409149
0.485486
0.056581
0.995588
0.298572
0.085750
0.692711
0.874350
0.500296
0.932422
0.465538
0.216059
0.997355
0.341835
0.232272
0.800947
0.597555
0.535903
0.259368
0.256718
0.231319
0.951685
0.934432
0.250932
0.640166
0.629088
0.493765
0.886515
0.705815
0.926682
0.015529
0.550387
0.669907
0.815647
0.928527
0.465223
0.494361
0.001843
0.286629
0.194336
0.612346
0.126005
0.058801
0.349684
0.319887
0.292066
0.684775
0.753001
0.058089
0.173597
0.146336
0.300060
0.835989
0.948382
0.804236
0.778049
0.044033
0.311113
0.250733
0.886084
0.908176
0.814206
0.427756
0.708839
0.834612
0.786753
0.260694
0.893308
0.895121
0.081586
0.057809
0.778681
0.703049
0.900475
0.925274
0.729357
0.929910
0.947450
0.447841
0.921075
0.712609
0.160244
0.885127
0.830173
0.201295
0.269863
0.133528
0.675969
0.497842
0.438282
0.703761
0.066270
0.234942
0.224268
0.964023
0.096006
0.045840
0.127320
0.898785
0.148984
0.174680
0.959745
0.633202
0.652774
0.477483
0.296848
0.973158
0.036718
0.063752
0.255255
0.210922
0.143057
0.828691
0.849360
0.446443
0.341197
0.126065
0.175892
0.674262
0.595084
0.831671
0.676612
0.886052
0.733716
0.047441
0.729132
0.438781
0.174777
0.696171
0.815864
0.938501
0.351391
0.256867
0.521086
0.889764
0.092008
0.890727
0.606138
0.360657
0.203408
0.207740
0.412745
0.913471
0.506840
0.923914
0.844461
0.050986
0.577273
0.659126
0.176236
0.428390
0.435783
0.125598
0.942117
0.080810
0.445062
0.957002
0.151065
0.916484
0.658044
0.428182
0.080901
0.725548
0.869671
0.315509
0.900374
0.954446
0.621772
0.147858
0.369362
0.495974
0.411069
0.098204
0.867187
0.744941
0.350313
0.765857
0.999061
0.169461
0.532541
0.099307
0.030660
0.647864
0.348459
0.709702
0.400814
0.821237
0.006947
0.824951
0.562332
0.711586
0.508696
0.134451
0.400945
0.855627
0.322964
0.774435
0.482376
0.204202
0.017457
0.703954
0.377536
0.037312
0.091339
0.721471
0.315846
0.144787
0.261367
0.372098
0.416678
0.522571
0.451143
0.995436
0.748930
0.834640
0.733501
0.164060
0.468718
0.890537
0.476013
0.762618
0.285199
0.388538
0.939625
0.957557
0.504512
0.174443
0.580410
0.307474
0.901856
0.265985
0.304453
0.264093
0.671675
0.892874
0.925861
0.313870
0.705987
0.802460
0.077893
0.010214
0.450826
0.081018
0.827218
0.146340
0.590811
0.740669
0.241300
0.318751
0.811845
0.321912
0.158901
0.131331
0.891931
0.761795
0.413721
0.290078
0.370119
0.777697
0.761150
0.838452
0.043580
0.016748
0.758152
0.783355
0.542794
0.220864
0.846275
0.361729
0.234876
0.657413
0.887782
0.197783
0.705021
0.065506
0.404908
0.600849
0.066070
0.367904
0.772246
0.253853
0.346210
0.398567
0.612251
0.542417
0.204794
0.895809
0.643875
0.774591
0.226281
0.011094
0.234324
0.541199
0.042314
0.583444
0.903943
0.466816
0.531909
0.429484
0.034221
0.601375
0.349779
0.899101
0.028923
0.702385
0.032778
0.946737
0.178353
0.657791
0.934471
0.968300
0.476730
0.299443
0.237830
0.653703
0.642703
0.857205
0.296053
0.105034
0.592977
0.303675
0.551513
0.470336
0.619074
0.839541
0.282824
0.343027
0.517219
0.769556
0.430036
0.176938
0.921340
0.019137
0.747962
0.966976
0.089208
0.541597
0.537614
0.445415
0.391693
0.865992
0.205780
0.043808
0.755144
0.035601
0.902719
0.870525
0.306899
0.187023
0.487975
0.953923
0.473918
0.019909
0.074331
0.001126
0.784540
0.407309
0.399874
0.922449
0.623368
0.396651
0.278191
0.371428
0.189272
0.851342
0.376689
0.550492
0.906528
0.982996
0.573043
0.532244
0.539070
0.024282
0.139764
0.346382
0.257877
0.292403
0.006893
0.082235
0.911478
0.893199
0.352825
0.256928
0.749588
0.315869
0.773251
0.699168
0.849863
0.168328
0.278232
0.198664
0.497782
0.303180
0.367389
0.171159
0.769659
0.584320
0.433227
0.589100
0.568772
0.544162
0.742582
0.427925
0.364624
0.181489
0.246187
0.877975
0.885320
0.149929
0.466368
0.572037
0.013082
0.587061
0.712868
0.078503
0.132879
0.834135
0.876789
0.910165
0.184182
0.296429
0.052662
0.298624
0.665851
0.694222
0.238645
0.984332
0.844141
0.954399
0.364842
0.272255
0.413832
0.992673
0.899747
0.603163
0.862495
0.636440
0.284815
0.890541
0.787863
0.938257
0.447160
0.873133
0.418352
0.129937
0.640370
0.733101
0.586681
0.467284
0.863459
0.229820
0.406640
0.215438
0.107930
0.599283
0.902967
0.024855
0.682976
0.469152
0.844358
0.947905
0.868798
0.039410
0.029599
0.346105
0.148052
0.778660
0.276824
0.937964
0.265414
0.886032
0.365898
0.237463
0.365284
0.768727
0.183927
0.633156
0.457597
0.785176
0.323884
0.357895
0.461777
0.503835
0.386376
0.599185
0.078801
0.727595
0.234519
0.000156
0.741397
0.533821
0.451951
0.801168
0.892362
0.580018
0.253962
0.872039
0.841013
0.925120
0.101752
0.884890
0.447750
0.616402
0.269815
0.877628
0.886755
0.292021
0.616448
0.458045
0.736815
0.049180
0.807380
0.898546
0.650260
0.827915
0.242531
0.371496
0.850042
0.560511
0.935899
0.575203
0.704923
0.336542
0.598561
0.000516
0.632800
0.833531
0.174812
0.088051
0.582146
0.263245
0.081419
0.526044
0.341587
0.083603
0.400005
0.938828
0.927590
0.726220
0.272557
0.215933
0.300288
0.589566
0.750058
0.731814
0.657423
0.547762
0.344246
0.706200
0.556418
0.224986
0.532496
0.955076
0.114571
0.285518
0.465828
0.282276
0.537376
0.989404
0.130040
0.761720
0.224967
0.263739
0.209966
0.160256
0.706692
0.539590
0.906858
0.751142
0.653804
0.604525
0.958893
0.768148
0.220283
0.720788
0.114809
0.750278
0.961781
0.259079
0.310661
0.027126
0.582694
0.097972
0.799702
0.594851
0.761355
0.038954
0.485393
0.632777
0.303356
0.487088
0.707538
0.910624
0.872991
0.647305
0.731534
0.336353
0.552831
0.486314
0.190764
0.894649
0.481413
0.710141
0.732097
0.226018
0.819065
0.007299
0.114525
0.096516
0.291850
0.807569
0.010917
0.008102
0.563636
0.806422
0.762907
0.199607
0.686292
0.505051
0.338897
0.288348
0.878006
0.016038
0.745194
0.802341
0.879735
0.384646
0.140263
0.853163
0.139769
0.675729
0.902115
0.199425
0.076432
0.076270
0.898811
0.950870
0.668900
0.263551
0.212095
0.163107
0.626146
0.288937
0.564154
0.572954
0.384011
0.227290
0.697501
0.724423
0.180397
0.842012
0.957980
0.735315
0.458592
0.515706
0.330900
0.954449
0.848712
0.696466
0.180294
0.759516
0.977271
0.109788
0.941301
0.745549
0.354877
0.986116
0.015674
0.554034
0.592054
0.553998
0.120410
0.592628
0.193184
0.048884
0.339514
0.895513
0.178582
0.487529
0.128877
0.374376
0.784686
0.458042
0.524283
0.710007
0.492380
0.175546
0.802547
0.134527
0.633440
0.053466
0.845768
0.354237
0.825103
0.040444
0.458713
0.863100
0.482763
0.972881
0.889327
0.896837
0.660791
0.193094
0.802361
0.277657
0.471480
0.683113
0.956137
0.399605
0.332117
0.964091
0.832423
0.604545
0.290174
0.011343
0.469446
0.198753
0.676634
0.435011
0.748025
0.360152
0.337433
0.176351
0.380825
0.186157
0.693031
0.969651
0.854741
0.132156
0.876107
0.819768
0.576410
0.090608
0.197379
0.745291
0.470839
0.360772
0.189550
0.037329
0.283163
0.759059
0.479380
0.283931
0.833531
0.120007
0.737877
0.410119
0.475111
0.437880
0.958621
0.983553
0.005225
0.898903
0.314208
0.035823
0.279605
0.054103
0.840821
0.649362
0.779777
0.382794
0.200923
0.559982
0.383566
0.496674
0.774081
0.025041
0.588733
0.234553
0.325909
0.207234
0.439733
0.897704
0.505137
0.324001
0.407591
0.875840
0.418810
0.812571
0.472917
0.913717
0.535606
0.760626
0.662037
0.268357
0.167280
0.852586
0.286250
0.006903
0.778237
0.081529
0.134209
0.695093
0.373228
0.476724
0.867433
0.726364
0.213165
0.096800
0.868936
0.541576
0.109073
0.538531
0.794987
0.989366
0.544155
0.211254
0.079994
0.077124
0.873990
0.626904
0.644506
0.362592
0.854855
0.955683
0.056353
0.236094
0.750164
0.097343
0.394900
0.343385
0.265047
0.518106
0.068430
0.399131
0.559037
0.103199
0.834653
0.641005
0.586895
0.275019
0.274337
0.174420
0.017557
0.626923
0.968068
0.457875
0.981197
0.322643
0.626130
0.178935
0.894432
0.511321
0.421517
0.770832
0.613633
0.008177
0.776062
0.819690
0.166377
0.490797
0.849695
0.612378
0.311015
0.461046
0.982830
0.074986
0.174365
0.222608
0.341866
0.351927
0.217538
0.124151
0.017827
0.275663
0.779877
0.318114
0.828114
0.977058
0.451031
0.285122
0.071391
0.886353
0.521151
0.374024
0.485592
0.374767
0.759206
0.607561
0.659055
0.286724
0.769433
0.003651
0.144777
0.612709
0.175906
0.662302
0.527799
0.552735
0.885229
0.868156
0.695713
0.220456
0.677358
0.458651
0.562296
0.237883
0.374549
0.707807
0.494266
0.470744
0.838422
0.975643
0.691166
0.154455
0.045163
0.373218
0.768372
0.660723
0.488840
0.693289
0.793224
0.154775
0.162850
0.856607
0.024286
0.393206
0.369487
0.123827
0.603728
0.912459
0.607643
0.323046
0.452835
0.857922
0.788622
0.342970
0.620636
0.703659
0.030088
0.141704
0.335666
0.112761
0.278135
0.521160
0.010847
0.188319
0.007484
0.917104
0.451496
0.365030
0.249800
0.454814
0.516457
0.191420
0.200141
0.520371
0.482362
0.252699
0.651524
0.097574
0.361008
0.484233
0.507625
0.120480
0.419872
0.125652
0.623595
0.091563
0.155737
0.565568
0.225010
0.215509
0.971454
0.326936
0.154936
0.298626
0.805824
0.443024
0.199129
0.663886
0.966605
0.474015
0.739352
0.331587
0.416647
0.414238
0.984823
0.715643
0.763146
0.740014
0.031781
0.085497
0.200030
0.848137
0.001188
0.043661
0.653464
0.134974
0.504543
0.268882
0.380489
0.966189
0.687831
0.774925
0.270770
0.787098
0.103591
0.934994
0.101487
0.623647
0.661115
0.521768
0.995341
0.224007
0.904762
0.013064
0.331684
0.090806
0.870411
0.413128
0.360779
0.653980
0.770025
0.839548
0.771183
0.834249
0.754349
0.125794
0.460253
0.247217
0.003731
0.689380
0.757783
0.298099
0.397065
0.915655
0.352755
0.417076
0.008865
0.307217
0.173228
0.685267
0.684455
0.648952
0.469344
0.101333
0.943295
0.438697
0.349458
0.738703
0.460421
0.833529
0.019402
0.043426
0.376021
0.361681
0.974859
0.522647
0.683123
0.650080
0.396880
0.073708
0.943425
0.417510
0.000510
0.203877
0.581230
0.983402
0.586550
0.390696
0.005524
0.542248
0.546437
0.832961
0.810167
0.453642
0.570254
0.842321
0.302217
0.797938
0.807861
0.125507
0.608369
0.447549
0.733154
0.207178
0.609534
0.903849
0.961448
0.243408
0.953527
0.149724
0.269983
0.475776
0.395891
0.767726
0.071560
0.576101
0.718840
0.573869
0.591295
0.131788
0.478334
0.017041
0.996504
0.521809
0.829266
0.594040
0.729711
0.433301
0.678793
0.530242
0.294782
0.268795
0.417770
0.975890
0.746177
0.694067
0.480331
0.968005
0.131341
0.576612
0.981575
0.407927
0.136205
0.564749
0.683393
0.304481
0.183824
0.557349
0.538411
0.532761
0.236131
0.314179
0.062059
0.358548
0.548820
0.456888
0.782768
0.978350
0.629358
0.110600
0.020289
0.325061
0.648112
0.436147
0.242140
0.389256
0.552611
0.302918
0.248177
0.306102
0.134928
0.352335
0.433284
0.457894
0.302186
0.701956
0.378199
0.842227
0.800193
0.540199
0.018459
0.955778
0.640198
0.861698
0.641466
0.443723
0.478776
0.593276
0.961687
0.764774
0.200833
0.360546
0.523971
0.121849
0.955742
0.145140
0.684995
0.908351
0.896597
0.082561
0.422837
0.920093
0.872601
0.650657
0.224668
0.582828
0.324567
0.498723
0.302573
0.445419
0.633557
0.167230
0.387499
0.188625
0.172638
0.948173
0.351321
0.399518
0.311763
0.136051
0.907040
0.361517
0.625779
0.919467
0.637104
0.110057
0.555563
0.163353
0.599849
0.003877
0.772276
0.331824
0.764077
0.061931
0.494749
0.801655
0.521744
0.315931
0.009987
0.816380
0.528782
0.428508
0.646807
0.331019
0.124047
0.827006
0.452591
0.997431
0.576389
0.602887
0.823170
0.540292
0.409843
0.426781
0.335835
0.773691
0.056954
0.729141
0.035465
0.508363
0.090220
0.396537
0.423788
0.599535
0.281664
0.233569
0.401763
0.385408
0.740527
0.440406
0.415089
0.766254
0.379090
0.355949
0.052834
0.174144
0.956619
0.716622
0.349197
0.683302
0.951435
0.680784
0.038389
0.511076
0.511110
0.868769
0.012642
0.159547
0.730786
0.668552
0.233338
0.447748
0.509622
0.057035
0.345273
0.684522
0.235362
0.186962
0.244035
0.231993
0.547033
0.989458
0.846512
0.709673
0.425763
0.042194
0.314527
0.089184
0.863730
0.953177
0.981597
0.929612
0.361226
0.510160
0.232811
0.003482
0.501858
0.845685
0.587841
0.563362
0.855867
0.867744
0.237075
0.499087
0.461570
0.206073
0.280873
0.635613
0.134936
0.924060
0.921954
0.421489
0.857277
0.246288
0.860896
0.257967
0.491068
0.551697
0.144779
0.718717
0.073895
0.882374
0.718932
0.910190
0.940526
0.217969
0.931825
0.222588
0.923102
0.765731
0.243072
0.721465
0.879461
0.516171
0.384564
0.429958
0.799582
0.314356
0.224728
0.751636
0.740154
0.696819
0.585911
0.283975
0.837275
0.744100
0.264884
0.272462
0.647269
0.198910
0.506478
0.955321
0.065631
0.099917
0.180342
0.048865
0.074102
0.181165
0.910823
0.623472
0.565859
0.287110
0.409976
0.620184
0.498835
0.053284
0.263697
0.257940
0.627171
0.102585
0.420979
0.581419
0.060780
0.007190
0.636297
0.399527
0.903043
0.266098
0.115115
0.864486
0.216632
0.548287
0.612517
0.941574
0.567454
0.451508
0.234968
0.019465
0.396720
0.026701
0.195195
0.911212
0.471142
0.318026
0.770194
0.495847
0.661254
0.168537
0.712364
0.250609
0.297855
0.541464
0.363766
0.923792
0.356580
0.607128
0.723503
0.598224
0.720596
0.845484
0.718230
0.395369
0.771423
0.414280
0.925785
0.070054
0.557877
0.032851
0.001951
0.745816
0.793144
0.631529
0.060332
0.040886
0.929969
0.016683
0.255365
0.834782
0.563984
0.801384
0.818456
0.925544
0.415148
0.851696
0.797229
0.827580
0.137319
0.498585
0.747918
0.960144
0.205950
0.765461
0.630869
0.476439
0.133908
0.861344
0.159174
0.983339
0.265418
0.189649
0.850431
0.401749
0.398140
0.122602
0.031624
0.217572
0.483354
0.791282
0.047132
0.373317
0.654290
0.141278
0.919863
0.050324
0.832566
0.503985
0.715510
0.591614
0.162764
0.933514
0.859935
0.815366
0.525121
0.559233
0.659673
0.969022
0.376351
0.203930
0.275573
0.574008
0.168593
0.517604
0.399548
0.411090
0.596474
0.876875
0.884462
0.896349
0.922314
0.300027
0.577134
0.097781
0.629438
0.627671
0.604477
0.642526
0.653625
0.219033
0.362750
0.764720
0.442679
0.413868
0.459942
0.743968
0.094123
0.010002
0.861283
0.984448
0.821020
0.006493
0.487874
0.984639
0.995915
0.862420
0.518445
0.447669
0.022912
0.521300
0.644237
0.782294
0.287864
0.451122
0.527013
0.244501
0.436693
0.950017
0.710188
0.969729
0.231840
0.967543
0.233088
0.145727
0.236831
0.691601
0.198332
0.576027
0.578974
0.150973
0.542340
0.884044
0.040178
0.083485
0.258967
0.607809
0.725902
0.319801
0.326260
0.435312
0.562219
0.932829
0.586339
0.830486
0.871019
0.402769
0.828408
0.299806
0.273322
0.047769
0.324886
0.549511
0.170727
0.970219
0.070665
0.783464
0.054985
0.768666
0.975494
0.391621
0.895688
0.265347
0.259484
0.279139
0.856093
0.499360
0.301743
0.086096
0.587068
0.235448
0.192135
0.547849
0.349162
0.238417
0.236159
0.246003
0.212795
0.563171
0.662960
0.000023
0.586589
0.110379
0.786462
0.149449
0.323802
0.697764
0.869623
0.976757
0.656907
0.897015
0.941819
0.520830
0.210281
0.886328
0.819355
0.031061
0.341030
0.568570
0.579092
0.312080
0.057931
0.205066
0.735210
0.209106
0.768504
0.815016
0.369087
0.483923
0.104209
0.590532
0.462311
0.331481
0.073761
0.577302
0.682807
0.787123
0.794580
0.870881
0.874101
0.274436
0.052362
0.578603
0.497699
0.543731
0.938768
0.797120
0.278595
0.251138
0.817253
0.855569
0.303905
0.428338
0.867004
0.074358
0.824626
0.092914
0.455013
0.289580
0.010515
0.249324
0.586275
0.393055
0.908100
0.530508
0.682103
0.137990
0.851811
0.730110
0.936577
0.460273
0.578240
0.475329
0.501116
0.565381
0.293522
0.290402
0.747166
0.030925
0.943843
0.300697
0.857030
0.174810
0.939073
0.827448
0.992803
0.939026
0.579524
0.123099
0.293453
0.539061
0.435832
0.497285
0.950008
0.128943
0.931968
0.083433
0.608880
0.731897
0.381365
0.495987
0.353309
0.686643
0.726181
0.628263
0.512934
0.859303
0.229681
0.840921
0.551490
0.870946
0.371741
0.791068
0.282624
0.590745
0.197486
0.151988
0.663845
0.144774
0.369044
0.473489
0.418591
0.690414
0.170430
0.432882
0.736426
0.206398
0.715556
0.726582
0.301359
0.548475
0.609360
0.852335
0.898290
0.020694
0.312065
0.032067
0.847583
0.712323
0.456566
0.525366
0.517755
0.850387
0.368929
0.583578
0.166304
0.417829
0.042035
0.294537
0.358646
0.287304
0.812326
0.567913
0.215192
0.120589
0.989699
0.511195
0.736543
0.283625
0.690504
0.446285
0.456804
0.027178
0.123685
0.816729
0.675038
0.183130
0.580032
0.235569
0.514828
0.626394
0.374566
0.923816
0.061978
0.752450
0.992048
0.789556
0.830332
0.220514
0.685610
0.397672
0.805719
0.212321
0.778512
0.080200
0.318022
0.456542
0.919029
0.437302
0.991375
0.268826
0.538454
0.478869
0.022483
0.857458
0.762233
0.656750
0.037066
0.144653
0.024223
0.037597
0.774434
0.353467
0.634074
0.866349
0.850173
0.610340
0.547739
0.770329
0.846976
0.813253
0.591102
0.853972
0.983582
0.015526
0.386743
0.934176
0.611846
0.575225
0.233812
0.166280
0.791937
0.320204
0.191045
0.310663
0.195659
0.978769
0.612893
0.889974
0.587892
0.125967
0.388778
0.486979
0.136167
0.895498
0.135479
0.433042
0.798357
0.707258
0.592641
0.137226
0.038502
0.260500
0.471403
0.306015
0.120749
0.042624
0.006158
0.303671
0.231429
0.603592
0.459438
0.903208
0.679246
0.845963
0.829919
0.677995
0.423599
0.580565
0.013556
0.283980
0.181031
0.597774
0.667838
0.882543
0.359792
0.504438
0.029173
0.953975
0.072545
0.576408
0.933396
0.751574
0.477173
0.876707
0.289401
0.646378
0.695737
0.889317
0.255898
0.612512
0.561539
0.918594
0.371297
0.103164
0.444317
0.504306
0.886716
0.567192
0.403569
0.102297
0.552112
0.856345
0.919997
0.280779
0.105543
0.773118
0.455077
0.682241
0.715545
0.009224
0.088752
0.000994
0.626645
0.724703
0.485257
0.226328
0.257989
0.017641
0.437062
0.401309
0.005104
0.534527
0.236939
0.147186
0.994780
0.471226
0.128165
0.203435
0.043076
0.214584
0.082834
0.233420
0.066453
0.874649
0.158308
0.145683
0.196035
0.957531
0.681785
0.180860
0.844987
0.428868
0.512994
0.014217
0.979027
0.417939
0.635019
0.123816
0.840056
0.812381
0.323237
0.674302
0.372917
0.993545
0.142396
0.166321
0.605278
0.962473
0.021806
0.101554
0.230640
0.106497
0.658659
0.913386
0.644469
0.856470
0.499478
0.413191
0.683454
0.484610
0.549682
0.002249
0.317889
0.292986
0.261288
0.899283
0.547184
0.442612
0.748724
0.633624
0.748493
0.673176
0.582780
0.054000
0.728477
0.163393
0.412676
0.102951
0.728182
0.781981
0.666256
0.606866
0.631050
0.979261
0.578311
0.331648
0.624051
0.569384
0.797023
0.554005
0.561940
0.653185
0.818535
0.398359
0.284642
0.931655
0.499648
0.189392
0.137756
0.660049
0.898639
0.070204
0.946191
0.492604
0.694206
0.136106
0.690925
0.467901
0.432543
0.334030
0.138881
0.384830
0.852530
0.377574
0.675945
0.819203
0.539054
0.927661
0.593089
0.030971
0.154458
0.288828
0.075635
0.012082
0.498109
0.871145
0.145636
0.924954
0.644090
0.667750
0.807384
0.181578
0.407028
0.998011
0.646041
0.413245
0.386031
0.766322
0.129401
0.580895
0.836765
0.486511
0.862767
0.476098
0.621644
0.321882
0.046966
0.862652
0.488155
0.390876
0.389473
0.508809
0.925301
0.588364
0.718678
0.360130
0.848169
0.172560
0.551262
0.102960
0.360630
0.367558
0.862708
0.368528
0.846157
0.231498
0.310933
0.827674
0.636770
0.040353
0.163046
0.426204
0.510105
0.437348
0.175231
0.010863
0.264614
0.597992
0.675753
0.595935
0.622879
0.660747
0.101095
0.520475
0.713065
0.673316
0.235210
0.746158
0.378481
0.304556
0.401910
0.545752
0.565284
0.572020
0.860369
0.832226
0.038293
0.835116
0.653758
0.378472
0.674938
0.303901
0.161001
0.177657
0.587330
0.313492
0.601662
0.194202
0.322455
0.614107
0.743948
0.755381
0.390492
0.926726
0.065845
0.833549
0.371267
0.014386
0.619373
0.468993
0.848811
0.519087
0.847972
0.583408
0.424066
0.814339
0.607008
0.434002
0.055700
0.123321
0.637405
0.958215
0.979052
0.152670
0.742406
0.259081
0.453206
0.491898
0.917452
0.481194
0.586182
0.028431
0.683191
0.327317
0.488260
0.628268
0.871613
0.465607
0.003422
0.332278
0.115306
0.077463
0.268924
0.318106
0.289838
0.796006
0.352993
0.877719
0.159265
0.285182
0.220644
0.660564
0.474767
0.709483
0.277627
0.432362
0.776402
0.344304
0.742498
0.599519
0.147991
0.576917
0.096813
0.749166
0.175123
0.548073
0.863447
0.454826
0.356291
0.684228
0.963046
0.597695
0.217151
0.370396
0.898586
0.453566
0.377898
0.013624
0.018080
0.795362
0.823781
0.747095
0.105391
0.261299
0.628734
0.024853
0.549179
0.238680
0.382130
0.357155
0.339972
0.513307
0.568670
0.436450
0.145361
0.934517
0.151383
0.903976
0.713321
0.345851
0.607769
0.006991
0.853654
0.031341
0.669047
0.396621
0.247563
0.927421
0.012543
0.316341
0.335344
0.850471
0.157197
0.431069
0.532207
0.989978
0.812196
0.546903
0.022223
0.917328
0.928730
0.471462
0.380393
0.360215
0.704879
0.264870
0.272843
0.992685
0.793614
0.131354
0.485145
0.490799
0.963938
0.201473
0.528763
0.103917
0.465136
0.454966
0.075620
0.991622
0.344164
0.034233
0.470798
0.576249
0.966153
0.198433
0.573357
0.161056
0.988043
0.168211
0.175275
0.064009
0.035343
0.111052
0.248527
0.517198
0.332009
0.517255
0.270274
0.581875
0.533455
0.216535
0.876187
0.329120
0.012687
0.285252
0.091887
0.536128
0.849558
0.094259
0.392523
0.148124
0.773151
0.747381
0.840460
0.755901
0.307289
0.160514
0.551106
0.338985
0.369168
0.031356
0.736850
0.524426
0.571109
0.949754
0.579140
0.611207
0.475451
0.898684
0.178671
0.610289
0.052547
0.395848
0.833710
0.550270
0.591908
0.525907
0.896543
0.298677
0.316453
0.113328
0.458037
0.148879
0.949895
0.285861
0.110345
0.422628
0.487247
0.678641
0.037721
0.338219
0.418459
0.528916
0.685465
0.394282
0.655170
0.911397
0.256997
0.519197
0.410595
0.364234
0.289048
0.236130
0.282531
0.155621
0.554983
0.093700
0.789492
0.441016
0.546245
0.612266
0.609963
0.561001
0.781928
0.995842
0.774787
0.729751
0.196468
0.859634
0.062667
0.364141
0.855467
0.223209
0.848808
0.303468
0.249635
0.019280
0.656665
0.169807
0.416864
0.368120
0.662832
0.118985
0.142421
0.867602
0.405048
0.232181
0.487269
0.148865
0.943329
0.798157
0.894511
0.947599
0.724228
0.736106
0.123962
0.940963
0.398216
0.409131
0.264845
0.600122
0.840190
0.078343
0.076609
0.308411
0.623105
0.247592
0.907875
0.995124
0.194735
0.148814
0.443506
0.534929
0.007552
0.618013
0.529806
0.162907
0.851737
0.611857
0.327834
0.155216
0.641310
0.614908
0.044854
0.025379
0.903389
0.187472
0.493904
0.486198
0.220575
0.904078
0.731492
0.427296
0.876456
0.932575
0.023414
0.158276
0.954241
0.503864
0.388701
0.167516
0.138521
0.522245
0.971690
0.646578
0.470147
0.566397
0.492218
0.030250
0.304240
0.530977
0.023944
0.802208
0.721324
0.158846
0.350791
0.816309
0.641586
0.713926
0.151521
0.383499
0.892253
0.044669
0.262424
0.374357
0.478106
0.288165
0.268146
0.587258
0.305107
0.464864
0.670628
0.632159
0.607164
0.213929
0.886180
0.580019
0.326006
0.919216
0.320674
0.627832
0.694197
0.475869
0.772865
0.029293
0.271264
0.947551
0.415838
0.541092
0.682960
0.364297
0.606577
0.634819
0.313642
0.910984
0.773657
0.724510
0.201780
0.756441
0.633072
0.659810
0.388594
0.773169
0.982173
0.734758
0.969804
0.397694
0.321743
0.462206
0.100521
0.881547
0.556188
0.363856
0.203249
0.182861
0.021863
0.025925
0.629019
0.748601
0.093510
0.670431
0.021651
0.437412
0.618838
0.492111
0.635131
0.833101
0.431207
0.010958
0.854120
0.198732
0.190457
0.690385
0.167591
0.321357
0.801851
0.071014
0.845582
0.497367
0.663144
0.670092
0.569082
0.908468
0.989777
0.896528
0.263036
0.638282
0.468202
0.231557
0.382481
0.579572
0.487323
0.925030
0.901801
0.482100
0.198069
0.457329
0.257111
0.391097
0.651088
0.016903
0.491765
0.726364
0.262567
0.243436
0.854989
0.252007
0.858178
0.486631
0.103638
0.186778
0.545148
0.830630
0.757079
0.705058
0.662455
0.134048
0.555200
0.078459
0.059149
0.335641
0.369539
0.708045
0.950792
0.275591
0.817549
0.297190
0.604038
0.282425
0.829973
0.415050
0.099318
0.775549
0.421357
0.700668
0.421667
0.133416
0.913680
0.957696
0.129669
0.077312
0.863114
0.389753
0.852522
0.820773
0.939904
0.226395
0.865240
0.234621
0.011380
0.989720
0.991969
0.277631
0.678085
0.651596
0.087433
0.942818
0.513037
0.931508
0.346508
0.969353
0.254108
0.985039
0.691911
0.570099
0.199536
0.732970
0.490023
0.424779
0.056553
0.081004
0.844839
0.188760
0.493149
0.280122
0.720030
0.767474
0.642947
0.677556
0.139145
0.606449
0.813217
0.108395
0.713927
0.246980
0.646009
0.177804
0.750762
0.397414
0.982404
0.683884
0.185246
0.770066
0.679906
0.431143
0.594882
0.933757
0.632942
0.684599
0.539901
0.431977
0.246500
0.514507
0.482205
0.416679
0.612884
0.281712
0.532439
0.047686
0.641598
0.513621
0.275187
0.907736
0.392353
0.420810
0.922291
0.683141
0.861201
0.304247
0.044294
0.360082
0.469793
0.103145
0.130018
0.186516
0.507758
0.333438
0.224249
0.649724
0.778217
0.666882
0.893566
0.719465
0.696411
0.400784
0.770282
0.606771
0.091460
0.068351
0.924514
0.288363
0.961248
0.439666
0.314382
0.046684
0.430427
0.163294
0.564324
0.275567
0.161553
0.298503
0.321545
0.801524
0.469342
0.988120
0.440588
0.970658
0.388054
0.522003
0.246026
0.751204
0.942001
0.041149
0.123284
0.101694
0.869176
0.132414
0.687586
0.854740
0.048018
0.563868
0.781021
0.366458
0.877288
0.410771
0.547745
0.181498
0.859080
0.822175
0.837293
0.963712
0.634955
0.678151
0.186031
0.942445
0.725193
0.387636
0.626723
0.124444
0.221186
0.076917
0.576228
0.521402
0.680934
0.418727
0.051320
0.643117
0.477687
0.351974
0.462632
0.506289
0.851698
0.942090
0.236726
0.408923
0.915109
0.632013
0.516291
0.720379
0.859954
0.133782
0.188463
0.937028
0.619297
0.210767
0.491266
0.253547
0.231487
0.600522
0.448188
0.899827
0.157543
0.328257
0.380873
0.493518
0.801657
0.660944
0.749941
0.658189
0.484833
0.952042
0.573936
0.157120
0.121641
0.626847
0.676393
0.792712
0.850100
0.558471
0.011037
0.321532
0.864687
0.084442
0.315100
0.634969
0.702470
0.913932
0.340767
0.455533
0.232364
0.175606
0.914749
0.798761
0.597516
0.856102
0.075974
0.450757
0.360811
0.879129
0.541411
0.711363
0.103506
0.075197
0.750013
0.652937
0.726987
0.291965
0.734789
0.144779
0.707653
0.895222
0.072998
0.893158
0.554922
0.910483
0.164470
0.746988
0.722365
0.055221
0.088050
0.519107
0.221965
0.911716
0.286171
0.573198
0.191497
0.490529
0.327548
0.426322
0.665037
0.434609
0.997996
0.617090
0.796596
0.114016
0.969380
0.089444
0.786878
0.861273
0.296679
0.342075
0.763159
0.597345
0.993189
0.593463
0.862299
0.098234
0.933837
0.212538
0.766873
0.152215
0.336630
0.664972
0.944430
0.857680
0.072221
0.225091
0.839875
0.311617
0.051611
0.703416
0.270975
0.938713
0.941963
0.439825
0.276994
0.711078
0.460551
0.812342
0.670453
0.508600
0.496829
0.511554
0.542007
0.869917
0.312627
0.830647
0.968457
0.384023
0.070469
0.221071
0.173884
0.972490
0.940022
0.363830
0.393900
0.312326
0.032663
0.006395
0.693041
0.649444
0.414177
0.815243
0.985265
0.252768
0.445576
0.494021
0.507590
0.758961
0.702043
0.417336
0.996853
0.657773
0.720005
0.030170
0.819589
0.168018
0.822326
0.262915
0.305039
0.754177
0.271630
0.212042
0.531288
0.533626
0.001742
0.336386
0.814516
0.824482
0.177264
0.419061
0.151386
0.084087
0.831264
0.545004
0.864548
0.488104
0.831101
0.344130
0.701276
0.400244
0.422371
0.750129
0.635220
0.982620
0.600972
0.524875
0.621295
0.196724
0.563303
0.798470
0.553685
0.445026
0.484586
0.874903
0.676977
0.103199
0.875307
0.553341
0.700418
0.192978
0.765788
0.215044
0.865301
0.445626
0.968885
0.925903
0.215466
0.006047
0.670805
0.804606
0.320940
0.027503
0.600051
0.906423
0.704692
0.406970
0.024495
0.872623
0.222515
0.911115
0.826573
0.595515
0.646034
0.942896
0.906603
0.149107
0.698840
0.198789
0.164230
0.235399
0.795747
0.466639
0.308002
0.396296
0.735175
0.814139
0.743058
0.241144
0.594658
0.417927
0.786951
0.939902
0.079475
0.283318
0.463598
0.231921
0.574413
0.104651
0.125341
0.200367
0.148641
0.516269
0.153152
0.062253
0.763729
0.984117
0.984946
0.224108
0.934769
0.587973
0.722029
0.853264
0.094644
0.944296
0.563671
0.214769
0.911400
0.519702
0.319797
0.023930
0.808765
0.585071
0.251807
0.064471
0.939771
0.060266
0.491528
0.322328
0.863521
0.499490
0.288275
0.885060
0.175064
0.467262
0.334055
0.856887
0.338409
0.555016
0.416881
0.539359
0.972655
0.288330
0.652219
0.127638
0.841248
0.174775
0.542561
0.172419
0.794367
0.142396
0.115118
0.057463
0.914428
0.618807
0.387638
0.742766
0.114719
0.500925
0.412356
0.023345
0.441157
0.265317
0.148063
0.553654
0.327172
0.469174
0.410298
0.887620
0.051715
0.891922
0.149673
0.784312
0.650387
0.567437
0.308315
0.029225
0.529702
0.956905
0.504438
0.021197
0.034466
0.512296
0.795036
0.374947
0.218287
0.880464
0.766708
0.789241
0.067208
0.997875
0.204599
0.430677
0.426462
0.325958
0.589470
0.083104
0.880358
0.477083
0.672897
0.312656
0.835288
0.481162
0.380589
0.898421
0.055856
0.942873
0.293833
0.778727
0.904144
0.339515
0.959067
0.763056
0.532087
0.709483
0.275569
0.259585
0.276984
0.981369
0.211285
0.268348
0.510130
0.193692
0.096771
0.890026
0.188577
0.855243
0.747261
0.600361
0.360012
0.696067
0.662867
0.540197
0.870768
0.059065
0.556893
0.071139
0.526954
0.182216
0.462289
0.846848
0.958717
0.621432
0.666213
0.649951
0.437621
0.064033
0.722730
0.244580
0.897158
0.782852
0.793634
0.494540
0.406376
0.980955
0.567389
0.997095
0.346643
0.276998
0.006204
0.482381
0.541525
0.581204
0.171223
0.228447
0.589796
0.611959
0.375852
0.741920
0.651570
0.303044
0.917198
0.954291
0.937560
0.351484
0.635642
0.183833
0.151460
0.156026
0.552536
0.113135
0.135450
0.396239
0.836020
0.032272
0.968836
0.502242
0.344968
0.597587
0.769799
0.265054
0.001062
0.356114
0.450286
0.837572
0.238983
0.285608
0.674013
0.376171
0.784731
0.600215
0.267596
0.572935
0.012076
0.071759
0.334815
0.328499
0.127121
0.116656
0.323992
0.815539
0.431002
0.898454
0.298501
0.182859
0.910708
0.695995
0.660400
0.150131
0.408024
0.787207
0.577187
0.743237
0.616602
0.098515
0.361688
0.420249
0.157160
0.869885
0.055059
0.838031
0.980796
0.585479
0.462921
0.509467
0.350438
0.419955
0.894621
0.601307
0.650414
0.450374
0.855610
0.122649
0.274144
0.883739
0.942952
0.754041
0.839965
0.550163
0.193959
0.567201
0.985072
0.911656
0.137947
0.885375
0.987590
0.836537
0.801120
0.534313
0.466771
0.389479
0.914574
0.733866
0.411312
0.887165
0.575437
0.880218
0.785801
0.469583
0.611120
0.468734
0.965287
0.436938
0.896703
0.407437
0.247978
0.602193
0.875443
0.971111
0.696056
0.909229
0.532404
0.646029
0.554627
0.566637
0.071220
0.115298
0.498790
0.947133
0.543972
0.634843
0.958831
0.502594
0.684201
0.050005
0.773544
0.944725
0.193035
0.702767
0.421679
0.941345
0.728452
0.479609
0.081507
0.578304
0.847663
0.249979
0.768519
0.837020
0.152615
0.945400
0.801247
0.337646
0.888626
0.529193
0.845207
0.597855
0.246147
0.106832
0.784970
0.057256
0.615637
0.426916
0.674356
0.117434
0.045578
0.022775
0.014760
0.447613
0.153604
0.244692
0.611588
0.805944
0.740758
0.432759
0.258837
0.626422
0.358880
0.480353
0.501783
0.621423
0.081108
0.038233
0.727803
0.649868
0.725515
0.609272
0.835326
0.101012
0.781867
0.783807
0.730893
0.043859
0.291504
0.865611
0.904362
0.392201
0.930347
0.138504
0.332223
0.335281
0.545035
0.023570
0.959045
0.284084
0.392179
0.377014
0.007045
0.583248
0.330744
0.178638
0.363785
0.238605
0.217563
0.860940
0.297991
0.910347
0.755962
0.528844
0.753499
0.421811
0.047522
0.320049
0.471326
0.033895
0.096963
0.156006
0.189864
0.735099
0.520148
0.133521
0.173201
0.797184
0.705220
0.806980
0.317564
0.846468
0.676854
0.611202
0.085895
0.700733
0.913647
0.674912
0.520541
0.221769
0.368621
0.274850
0.584074
0.433537
0.942857
0.180487
0.078243
0.155955
0.662253
0.139388
0.391035
0.404318
0.807406
0.753179
0.321878
0.804330
0.246623
0.994154
0.234957
0.272774
0.222048
0.612500
0.790662
0.213798
0.838925
0.684149
0.505154
0.480831
0.507978
0.549253
0.388066
0.354118
0.590922
0.391289
0.908320
0.783890
0.499091
0.706779
0.538073
0.149148
0.495199
0.915651
0.124785
0.782080
0.448224
0.362208
0.341420
0.508098
0.791411
0.956731
0.464759
0.451504
0.933410
0.707709
0.731853
0.356779
0.372532
0.394685
0.524587
0.675495
0.764129
0.631740
0.632377
0.668856
0.191107
0.571586
0.842994
0.775860
0.887554
0.500298
0.111504
0.497092
0.665502
0.572667
0.557342
0.044134
0.294806
0.938171
0.539504
0.004605
0.086153
0.507580
0.059872
0.272828
0.927198
0.610183
0.744654
0.496113
0.021816
0.791638
0.653959
0.286678
0.582490
0.002449
0.169489
0.449185
0.725817
0.427069
0.210362
0.473900
0.821138
0.203623
0.027053
0.545491
0.542302
0.284264
0.823471
0.317434
0.872543
0.686147
0.457147
0.702056
0.312490
0.383030
0.467560
0.926198
0.541301
0.087502
0.682580
0.102503
0.780917
0.173836
0.653036
0.566334
0.113452
0.991460
0.165418
0.228308
0.001691
0.819066
0.082688
0.192464
0.262733
0.709331
0.763235
0.890048
0.744740
0.474269
0.307938
0.978934
0.956827
0.061212
0.885365
0.258653
0.902063
0.569407
0.385091
0.851067
0.363610
0.157243
0.649146
0.896653
0.893977
0.090106
0.531585
0.016415
0.757405
0.178851
0.036178
0.789429
0.075372
0.858906
0.782239
0.496003
0.425229
0.160000
0.048566
0.376466
0.141957
0.816512
0.645509
0.655585
0.573047
0.768447
0.865172
0.582599
0.536511
0.303041
0.759729
0.736890
0.232016
0.086985
0.997869
0.849265
0.855135
0.339277
0.549369
0.388874
0.164740
0.394699
0.447787
0.165751
0.253499
0.907916
0.881281
0.198972
0.771518
0.948209
0.861560
0.100448
0.853092
0.234819
0.720949
0.224341
0.996594
0.762928
0.687585
0.832098
0.147477
0.070260
0.788741
0.523118
0.234409
0.394306
0.332265
0.181042
0.408533
0.970178
0.216156
0.685666
0.235847
0.719083
0.316258
0.640477
0.092713
0.577425
0.202079
0.365823
0.014489
0.716536
0.430735
0.407697
0.247288
0.903020
0.669024
0.812155
0.752859
0.249734
0.893620
0.415352
0.916599
0.607391
0.919391
0.399205
0.708680
0.846784
0.505847
0.362689
0.548311
0.281636
0.291711
0.158742
0.121118
0.482080
0.807609
0.746810
0.399654
0.728761
0.816898
0.311010
0.117033
0.357559
0.234604
0.893917
0.943683
0.244942
0.874499
0.795981
0.617233
0.683943
0.274291
0.990564
0.275520
0.900764
0.848945
0.804605
0.242720
0.461996
0.622133
0.114907
0.518609
0.822479
0.785798
0.310055
0.220942
0.263770
0.337854
0.267953
0.230964
0.473252
0.048004
0.598985
0.292041
0.013856
0.001685
0.404810
0.811419
0.934413
0.972141
0.802771
0.615106
0.770633
0.870614
0.465939
0.905879
0.186705
0.524670
0.428769
0.674420
0.507522
0.034638
0.408401
0.813569
0.391535
0.958185
0.891560
0.185711
0.894230
0.573010
0.237109
0.893283
0.172226
0.467663
0.044202
0.002405
0.078005
0.710493
0.036079
0.969638
0.895262
0.846714
0.709479
0.021869
0.464883
0.973606
0.999678
0.739318
0.951543
0.143830
0.211152
0.091669
0.500939
0.346877
0.463872
0.177330
0.037634
0.318637
0.905210
0.915815
0.453538
0.429092
0.937482
0.943251
0.437011
0.898141
0.711114
0.961013
0.192584
0.589543
0.133429
0.787478
0.301317
0.632985
0.643058
0.362912
0.971769
0.124282
0.999985
0.957476
0.931607
0.153692
0.341207
0.832359
0.209825
0.412367
0.752025
0.604034
0.059602
0.626918
0.602956
0.561645
0.271773
0.072115
0.902274
0.187510
0.128935
0.411703
0.914175
0.130757
0.250172
0.117351
0.292561
0.884081
0.576405
0.715719
0.980460
0.413626
0.746371
0.113656
0.125063
0.991995
0.113224
0.251520
0.258386
0.484380
0.651759
0.334622
0.993562
0.337822
0.006268
0.892795
0.486753
0.523591
0.929012
0.918095
0.914689
0.682699
0.359327
0.330615
0.217836
0.724528
0.393346
0.022432
0.359179
0.128587
0.394355
0.729681
0.348640
0.199402
0.493767
0.982746
0.283116
0.524515
0.732722
0.384581
0.652143
0.885623
0.094318
0.467158
0.159187
0.872833
0.676459
0.376034
0.308553
0.452044
0.255334
0.633048
0.007930
0.735460
0.489514
0.227141
0.436552
0.205215
0.014685
0.283303
0.428986
0.640138
0.678996
0.559638
0.624549
0.995630
0.169034
0.022566
0.632346
0.486677
0.276430
0.750141
0.461931
0.123978
0.055081
0.413492
0.469602
0.953208
0.119005
0.586400
0.070310
0.247395
0.330816
0.132990
0.465200
0.902433
0.130825
0.923549
0.634775
0.285711
0.756767
0.128478
0.847685
0.787873
0.604154
0.340354
0.935142
0.327701
0.977251
0.774133
0.580956
0.060121
0.480676
0.795464
0.877203
0.537337
0.301626
0.027138
0.395511
0.573088
0.632734
0.283659
0.023977
0.060034
0.485537
0.583935
0.819702
0.990258
0.144587
0.492104
0.126959
0.928905
0.512170
0.036474
0.210980
0.190934
0.593659
0.456596
0.657371
0.971005
0.373496
0.028461
0.787150
0.676488
0.331787
0.217816
0.337412
0.713589
0.851531
0.411612
0.657617
0.976614
0.766472
0.477576
0.671507
0.290352
0.299576
0.401900
0.854639
0.055577
0.642130
0.255071
0.477556
0.347687
0.423471
0.735806
0.364573
0.718460
0.321339
0.543130
0.418190
0.950934
0.062848
0.826567
0.159131
0.017418
0.066093
0.964464
0.532011
0.490625
0.972374
0.920431
0.226623
0.657926
0.319049
0.427916
0.764852
0.588739
0.603009
0.252901
0.603214
0.405030
0.984780
0.784715
0.501021
0.004950
0.883250
0.204989
0.404168
0.489593
0.711021
0.484720
0.094551
0.542877
0.000383
0.459466
0.855102
0.014553
0.169920
0.232672
0.400454
0.956336
0.181734
0.157108
0.323233
0.361165
0.339293
0.644447
0.305967
0.855586
0.475916
0.052952
0.348631
0.595257
0.783867
0.903303
0.261805
0.613583
0.534084
0.672540
0.675468
0.873473
0.936533
0.416132
0.813408
0.272226
0.391181
0.468174
0.283265
0.849533
0.379598
0.469706
0.132193
0.448613
0.247187
0.975161
0.418148
0.080472
0.126032
0.886933
0.546805
0.241284
0.248374
0.968070
0.624092
0.432899
0.900718
0.683101
0.074362
0.136476
0.268552
0.616974
0.774175
0.489242
0.421705
0.722132
0.951714
0.914371
0.690319
0.643706
0.101825
0.953998
0.681454
0.372832
0.166682
0.555346
0.186313
0.478105
0.232073
0.059987
0.228093
0.165139
0.989317
0.146223
0.500462
0.414270
0.212801
0.974597
0.446661
0.446373
0.503146
0.786521
0.229231
0.766806
0.545993
0.206038
0.840363
0.037486
0.136421
0.494702
0.602876
0.027078
0.218984
0.009589
0.311817
0.889316
0.193374
0.114426
0.266690
0.019455
0.735711
0.793850
0.444306
0.738832
0.385458
0.220795
0.062257
0.057568
0.147961
0.526992
0.783025
0.765385
0.362609
0.026608
0.808700
0.100553
0.086626
0.143004
0.116337
0.246959
0.244484
0.288611
0.083929
0.909305
0.792945
0.947947
0.757014
0.216423
0.151721
0.213743
0.005896
0.202727
0.149764
0.026203
0.823497
0.117777
0.737181
0.365388
0.013839
0.813979
0.712775
0.646723
0.521138
0.462403
0.717204
0.569628
0.649537
0.846729
0.741775
0.669279
0.423453
0.485318
0.402855
0.821488
0.338558
0.831404
0.231912
0.950712
0.753374
0.801419
0.231177
0.191188
0.171508
0.881437
0.944936
0.751186
0.664496
0.061740
0.296439
0.730395
0.685284
0.849519
0.440446
0.140432
0.522327
0.609693
0.881385
0.378471
0.644319
0.483851
0.107145
0.404004
0.185541
0.137326
0.988488
0.868723
0.821839
0.584389
0.194088
0.449526
0.287225
0.341570
0.871196
0.634652
0.781105
0.159099
0.841929
0.212939
0.516130
0.580486
0.565184
0.716206
0.656671
0.580204
0.114177
0.064760
0.897921
0.529520
0.419605
0.666029
0.935626
0.740434
0.028438
0.216321
0.076428
0.837751
0.628335
0.455707
0.238851
0.209277
0.587675
0.126028
0.594895
0.784140
0.761230
0.382025
0.102266
0.389231
0.811448
0.905604
0.177228
0.933781
0.295371
0.973212
0.758078
0.672049
0.767171
0.726346
0.009249
0.794150
0.146316
0.895191
0.916035
0.594993
0.601358
0.225369
0.019943
0.471358
0.199349
0.857831
0.544673
0.997084
0.570877
0.911859
0.162712
0.326396
0.840732
0.521198
0.652567
0.175347
0.074195
0.573321
0.696617
0.631390
0.488952
0.401802
0.069583
0.041070
0.682632
0.681832
0.467637
0.225848
0.125972
0.778848
0.228124
0.276045
0.171608
0.800289
0.189914
0.172912
0.828485
0.600486
0.944382
0.488824
0.551897
0.988660
0.727004
0.415603
0.299156
0.390062
0.199588
0.370964
0.100873
0.210230
0.373126
0.433080
0.397880
0.152368
0.921265
0.853283
0.393762
0.737858
0.134415
0.896881
0.673027
0.279891
0.764471
0.262105
0.334891
0.560223
0.010168
0.327179
0.892694
0.459061
0.893056
0.475513
0.188938
0.788071
0.274099
0.749027
0.575954
0.576507
0.760907
0.079596
0.612186
0.060472
0.755583
0.348615
0.524108
0.625301
0.893201
0.524703
0.683765
0.951065
0.120910
0.129513
0.351932
0.611210
0.667655
0.281688
0.936909
0.374309
0.154535
0.568924
0.018930
0.458948
0.095774
0.998167
0.390204
0.991733
0.040326
0.273934
0.360580
0.918424
0.604101
0.654759
0.578836
0.618188
0.642816
0.637763
0.619590
0.470990
0.815470
0.721345
0.585844
0.628093
0.788451
0.496011
0.977142
0.235697
0.330254
0.313311
0.073367
0.361690
0.546841
0.782914
0.084146
0.875538
0.507613
0.347802
0.313897
0.531288
0.512012
0.187589
0.592487
0.503703
0.246749
0.699970
0.221527
0.627519
0.083653
0.810287
0.686279
0.589827
0.768150
0.359226
0.383201
0.325584
0.748365
0.818640
0.613110
0.866241
0.394846
0.585488
0.089966
0.891505
0.360916
0.103914
0.215295
0.234220
0.333653
0.065433
0.368220
0.588374
0.425487
0.937258
0.461128
0.670235
0.456429
0.068743
0.010961
0.082604
0.376922
0.625953
0.976127
0.132202
0.081319
0.604361
0.609041
0.850177
0.861981
0.169665
0.574288
0.465734
0.754008
0.576736
0.582412
0.582896
0.020587
0.916689
0.789331
0.310386
0.028970
0.942075
0.211377
0.594634
0.767077
0.220206
0.405956
0.005911
0.250718
0.864594
0.667843
0.227585
0.071452
0.094529
0.991089
0.498506
0.335054
0.872766
0.046566
0.258513
0.240627
0.871352
0.425129
0.247065
0.550319
0.015570
0.396405
0.305002
0.199682
0.856005
0.433206
0.129426
0.298644
0.018746
0.751571
0.231707
0.773111
0.983699
0.116425
0.348621
0.897196
0.441040
0.162874
0.556602
0.966070
0.475778
0.483116
0.339130
0.359435
0.830455
0.728979
0.857233
0.245631
0.495968
0.980088
0.673127
0.176358
0.880505
0.627650
0.176965
0.822030
0.806629
0.023874
0.966730
0.097751
0.586459
0.147004
0.431234
0.929917
0.425003
0.531987
0.786256
0.913440
0.401594
0.716759
0.813796
0.109605
0.279466
0.454163
0.554463
0.234539
0.393446
0.939484
0.202978
0.488321
0.865776
0.303616
0.456808
0.274702
0.400058
0.621850
0.567926
0.061459
0.903324
0.688288
0.347690
0.631371
0.186231
0.805881
0.374857
0.973823
0.991383
0.842095
0.656707
0.067029
0.599774
0.800200
0.993308
0.800884
0.265360
0.156181
0.294898
0.290445
0.727754
0.211283
0.102388
0.830026
0.053044
0.710168
0.561000
0.737930
0.052744
0.974708
0.097024
0.341796
0.530858
0.803400
0.047697
0.354582
0.609078
0.386403
0.494214
0.891158
0.380105
0.486203
0.547863
0.375540
0.139095
0.133900
0.339278
0.588737
0.443225
0.091126
0.960823
0.107230
0.249393
0.327580
0.612104
0.382073
0.380037
0.764195
0.198594
0.708618
0.567078
0.531927
0.633400
0.336871
0.323995
0.996165
0.092139
0.972461
0.896014
0.796775
0.470948
0.918249
0.538435
0.153764
0.297617
0.106551
0.373072
0.688563
0.345847
0.271990
0.072826
0.010949
0.202631
0.514972
0.624380
0.321578
0.038766
0.505790
0.419020
0.280152
0.832480
0.579347
0.921577
0.389209
0.296196
0.970510
0.167501
0.143534
0.756409
0.440087
0.338056
0.195200
0.236699
0.541425
0.663638
0.784230
0.993858
0.777641
0.905221
0.684891
0.757154
0.899472
0.663929
0.917603
0.920711
0.593751
0.768731
0.476479
0.939015
0.812506
0.992259
0.322492
0.175549
0.992693
0.344755
0.892259
0.454551
0.416543
0.196143
0.372462
0.565897
0.962537
0.476219
0.989879
0.973107
0.497013
0.202979
0.567056
0.974477
0.156388
0.589057
0.593589
0.567342
0.770012
0.976300
0.063042
0.265454
0.673643
0.848461
0.325488
0.119492
0.163549
0.172019
0.205667
0.190691
0.841236
0.315129
0.636780
0.727607
0.098797
0.794684
0.059901
0.295994
0.994891
0.101519
0.839018
0.111812
0.771342
0.853725
0.941693
0.827365
0.260370
0.528097
0.135358
0.020551
0.432437
0.019704
0.949219
0.637252
0.334727
0.279585
0.651807
0.636837
0.670247
0.280567
0.494130
0.090797
0.267552
0.561214
0.468473
0.984504
0.691100
0.597892
0.832805
0.972089
0.242225
0.254972
0.650818
0.334457
0.600741
0.563141
0.597596
0.390412
0.357166
0.075856
0.280902
0.610921
0.685576
0.053907
0.328088
0.686493
0.407082
0.728120
0.488639
0.797691
0.693928
0.890168
0.002336
0.338758
0.664221
0.061525
0.483044
0.344382
0.117281
0.490532
0.568126
0.869575
0.659619
0.227592
0.583483
0.572681
0.471536
0.528493
0.474218
0.751509
0.964352
0.835849
0.250924
0.082592
0.578256
0.588675
0.201600
0.313570
0.970784
0.110080
0.119187
0.158694
0.845920
0.823087
0.794736
0.647464
0.673820
0.044579
0.026194
0.176382
0.551168
0.607369
0.392818
0.513841
0.452150
0.560397
0.045216
0.008124
0.120057
0.197046
0.761011
0.248546
0.849508
0.661592
0.516128
0.429707
0.409306
0.383773
0.821710
0.668873
0.355914
0.591482
0.076656
0.526488
0.987551
0.151590
0.185785
0.979806
0.188927
0.988891
0.693627
0.099646
0.416588
0.333169
0.683833
0.680277
0.074897
0.044400
0.694220
0.072428
0.532631
0.266066
0.897428
0.469415
0.030211
0.656601
0.797216
0.896404
0.727554
0.448967
0.690370
0.152791
0.142547
0.588341
0.144246
0.957712
0.230150
0.197943
0.739935
0.548674
0.352121
0.622976
0.331046
0.983312
0.387371
0.302698
0.068126
0.394276
0.232937
0.720619
0.438698
0.447233
0.945586
0.682818
0.572923
0.252006
0.774040
0.174392
0.064891
0.976825
0.331828
0.044022
0.559533
0.415717
0.160763
0.766673
0.355163
0.759008
0.935044
0.534412
0.271639
0.816959
0.555979
0.925350
0.034153
0.946523
0.387343
0.400721
0.422649
0.931226
0.881349
0.880068
0.436854
0.064180
0.845251
0.644569
0.726950
0.684209
0.598573
0.818479
0.539857
0.415111
0.270956
0.678704
0.431154
0.358040
0.490640
0.042494
0.992609
0.487016
0.713562
0.983261
0.845350
0.497552
0.443080
0.124530
0.148654
0.358418
0.590334
0.762004
0.874355
0.816520
0.225211
0.063764
0.096890
0.104909
0.967954
0.598583
0.548960
0.103915
0.271387
0.442379
0.692817
0.205401
0.843767
0.112779
0.557184
0.130152
0.462256
0.581818
0.589786
0.948377
0.427031
0.616757
0.775522
0.553344
0.906003
0.699030
0.270249
0.838139
0.420171
0.771313
0.800197
0.825547
0.719600
0.062721
0.077010
0.001061
0.300022
0.242127
0.478407
0.099014
0.810062
0.149608
0.244474
0.591837
0.599087
0.356013
0.439577
0.132442
0.655689
0.800662
0.929899
0.199731
0.186781
0.757165
0.626608
0.197224
0.087324
0.377365
0.244643
0.254826
0.550682
0.063412
0.827129
0.983698
0.069596
0.917956
0.285417
0.434277
0.077785
0.522466
0.204745
0.507398
0.482174
0.293680
0.165531
0.068559
0.335746
0.668170
0.830286
0.015302
0.901017
0.365041
0.046150
0.547718
0.354138
0.976751
0.213061
0.892084
0.379622
0.138053
0.167539
0.727619
0.905696
0.523069
0.832104
0.566365
0.230276
0.920484
0.880313
0.336197
0.787569
0.636866
0.667426
0.416957
0.805303
0.478111
0.676691
0.379709
0.102572
0.559017
0.731264
0.679122
0.278319
0.190972
0.221743
0.548981
0.540432
0.097780
0.599333
0.350815
0.425476
0.209608
0.384639
0.625659
0.659041
0.285047
0.942074
0.098936
0.406718
0.611320
0.269902
0.888462
0.165704
0.032591
0.055903
0.165581
0.547026
0.556418
0.248657
0.519425
0.198393
0.788319
0.394465
0.274293
0.117671
0.444468
0.989880
0.010158
0.606990
0.192519
0.099879
0.536306
0.117463
0.070545
0.491647
0.568087
0.234544
0.734114
0.533993
0.356803
0.054001
0.781481
0.112388
0.522712
0.198518
0.406909
0.809630
0.341162
0.724922
0.632116
0.602133
0.731850
0.172036
0.365842
0.321840
0.201205
0.999154
0.541547
0.133765
0.987891
0.665140
0.583232
0.279151
0.661449
0.598162
0.449382
0.334266
0.424044
0.306035
0.505035
0.234814
0.365357
0.877202
0.471982
0.315973
0.920588
0.122337
0.707084
0.618060
0.781590
0.606568
0.058720
0.707821
0.511124
0.822331
0.551351
0.265345
0.110248
0.752843
0.148224
0.686600
0.788821
0.076211
0.842186
0.951602
0.189133
0.260150
0.324632
0.008199
0.312670
0.797340
0.482574
0.921490
0.399989
0.831400
0.973838
0.038860
0.013732
0.423491
0.130383
0.420646
0.574754
0.709543
0.439746
0.786425
0.601387
0.198104
0.854612
0.226931
0.901815
0.458819
0.180514
0.931590
0.969588
0.451531
0.791646
0.181685
0.832251
0.746007
0.924812
0.859150
0.603105
0.882289
0.801499
0.720975
0.986088
0.121673
0.828066
0.689253
0.983782
0.838308
0.124070
0.406840
0.058547
0.801425
0.628709
0.308648
0.996780
0.598185
0.035392
0.458552
0.726295
0.447159
0.804433
0.401936
0.336832
0.652427
0.503877
0.283855
0.553692
0.948309
0.728438
0.482820
0.914491
0.984709
0.846574
0.010220
0.899046
0.203099
0.825680
0.925354
0.262380
0.353116
0.385412
0.016097
0.820859
0.899792
0.729126
0.995192
0.941444
0.571401
0.103454
0.462161
0.984078
0.297940
0.435997
0.880843
0.947195
0.790229
0.301146
0.822562
0.566347
0.009635
0.464025
0.724914
0.115968
0.778428
0.252565
0.416180
0.164253
0.780756
0.007697
0.655367
0.531167
0.204243
0.861674
0.937869
0.699580
0.272222
0.094512
0.816762
0.929519
0.916581
0.318565
0.989711
0.325556
0.841242
0.741221
0.401513
0.107316
0.226263
0.755717
0.612262
0.333106
0.322563
0.110088
0.681135
0.326676
0.187275
0.904238
0.815808
0.057100
0.809722
0.665133
0.037495
0.721784
0.878017
0.750121
0.111610
0.782601
0.436293
0.328382
0.994060
0.705145
0.682552
0.190491
0.043155
0.651119
0.157142
0.636121
0.247150
0.373837
0.571858
0.689857
0.717407
0.566861
0.529672
0.895144
0.697186
0.915756
0.385078
0.936358
0.336057
0.102977
0.495075
0.339001
0.479941
0.015870
0.110766
0.498020
0.726772
0.407812
0.159584
0.284252
0.997789
0.262465
0.168143
0.478997
0.874446
0.111158
0.575718
0.286713
0.950956
0.553399
0.688343
0.175831
0.452449
0.230502
0.523539
0.297708
0.368769
0.502350
0.795664
0.733692
0.353879
0.077275
0.291894
0.820319
0.640908
0.845066
0.888818
0.802635
0.222809
0.163104
0.459672
0.065638
0.548652
0.845617
0.922182
0.193849
0.985538
0.106063
0.677049
0.109011
0.296134
0.702641
0.687045
0.535904
0.381843
0.536919
0.446742
0.046295
0.541588
0.955596
0.092863
0.931004
0.496228
0.005385
0.905256
0.150102
0.428599
0.891014
0.448502
0.611234
0.289173
0.886369
0.604135
0.026055
0.617353
0.948743
0.743497
0.594813
0.128383
0.286225
0.291213
0.769033
0.315889
0.128204
0.929293
0.342343
0.320042
0.949003
0.691861
0.119421
0.311347
0.394637
0.200501
0.413060
0.640058
0.162697
0.290240
0.619366
0.001217
0.085353
0.276146
0.121080
0.865318
0.665496
0.110553
0.769020
0.424594
0.315984
0.680916
0.191653
0.304935
0.552035
0.498287
0.182792
0.293422
0.386730
0.026414
0.417413
0.331497
0.179645
0.901472
0.745603
0.023747
0.188613
0.292408
0.314626
0.912321
0.074602
0.651924
0.769126
0.766967
0.609725
0.108077
0.779440
0.140698
0.838375
0.746502
0.148047
0.441080
0.941479
0.033267
0.744137
0.767147
0.053883
0.628350
0.516306
0.761938
0.284858
0.839738
0.833380
0.730663
0.191735
0.968154
0.403354
0.274493
0.956663
0.792411
0.020468
0.689970
0.516490
0.445386
0.390398
0.384049
0.895770
0.930624
0.283580
0.554764
0.992899
0.529561
0.266652
0.387512
0.069370
0.349379
0.262028
0.016971
0.192159
0.261480
0.185590
0.504639
0.879229
0.480591
0.912509
0.081993
0.198165
0.034485
0.821192
0.909287
0.567930
0.374338
0.165351
0.599958
0.513753
0.375704
0.524197
0.760669
0.625128
0.980115
0.580764
