Lavaux_Jensen_0_1
0.000002
0.022097
0.285094
0.550013
0.909776
0.942889
0.093111
0.755315
0.845105
0.050294
0.597086
0.332958
0.613686
0.199939
0.804433
0.716763
0.812115
0.815928
0.024457
0.790032
0.477137
0.898871
0.134702
0.475867
0.235357
0.489700
0.953133
0.951792
0.797471
0.111032
0.093235
0.475551
0.608158
0.788685
0.643314
0.138430
0.924564
0.930978
0.545193
0.517080
0.743433
0.351956
0.581424
0.249775
0.564526
0.790174
0.516914
0.202872
0.498539
0.355331
0.704676
0.661946
0.280042
0.873089
0.552745
0.032946
0.206340
0.270730
0.778126
0.884411
0.314153
0.113916
0.634192
0.924476
0.447573
0.563336
0.001942
0.167385
0.529324
0.249248
0.766960
0.194496
0.886553
0.476168
0.568227
0.004350
0.012410
0.367813
0.279914
0.534984
0.572870
0.876906
0.372063
0.948122
0.748715
0.332997
0.162227
0.217636
0.386189
0.435724
0.410576
0.351279
0.714572
0.357168
0.390955
0.692333
0.169406
0.165608
0.576641
0.552895
0.777961
0.878878
0.170999
0.888854
0.557329
0.588055
0.570470
0.663388
0.930436
0.734887
0.322912
0.895635
0.563725
0.487259
0.512677
0.447968
0.601198
0.428461
0.711202
0.272373
0.638975
0.384849
0.546495
0.876498
0.125414
0.073770
0.606796
0.055038
0.153757
0.504896
0.264696
0.693758
0.853945
0.343243
0.222018
0.532370
0.101087
0.105411
0.188355
0.868962
0.900414
0.460594
0.344950
0.112185
0.239701
0.627691
0.759948
0.007019
0.124103
0.966756
0.032239
0.053827
0.926191
0.158865
0.392386
0.746411
0.643448
0.639337
0.695402
0.519865
0.501464
0.215651
0.038425
0.829684
0.964928
0.568231
0.635423
0.295628
0.309009
0.838806
0.511502
0.912457
0.695962
0.980869
0.143877
0.639451
0.228113
0.437933
0.399404
0.275449
0.787943
0.970159
0.696075
0.059486
0.004596
0.745250
0.866261
0.421439
0.326831
0.806467
0.512693
0.364716
0.654799
0.624640
0.936229
0.075198
0.053774
0.012097
0.861053
0.108297
0.805435
0.338725
0.993798
0.359298
0.057012
0.842499
0.905742
0.530624
0.012649
0.201919
0.221060
0.892365
0.428856
0.253062
0.700435
0.317516
0.877971
0.341348
0.521319
0.248697
0.127811
0.833610
0.038799
0.915684
0.147066
0.550227
0.151309
0.629323
0.825995
0.564847
0.352067
0.793140
0.939060
0.949732
0.800897
0.724451
0.155725
0.591763
0.654353
0.896469
0.809924
0.375587
0.219462
0.595888
0.496749
0.518625
0.693992
0.639907
0.502772
0.074558
0.692273
0.975389
0.266850
0.008478
0.970196
0.062888
0.981118
0.433695
0.718039
0.661051
0.593594
0.717153
0.118998
0.313290
0.678054
0.071674
0.130385
0.698716
0.253803
0.807604
0.360985
0.352803
0.824944
0.696713
0.641381
0.759007
0.869845
0.474955
0.235497
0.738893
0.247695
0.679546
0.364346
0.562990
0.548138
0.065983
0.721989
0.514593
0.136769
0.302591
0.295993
0.370592
0.435309
0.498797
0.068948
0.632825
0.009073
0.127913
0.004591
0.425793
0.051219
0.779333
0.214249
0.956253
0.385473
0.876771
0.881172
0.851221
0.735626
0.470818
0.588056
0.706665
0.607150
0.632494
0.264906
0.802201
0.116525
0.000707
0.340361
0.289615
0.707116
0.066105
0.551623
0.726403
0.173271
0.686650
0.629951
0.690603
0.340185
0.740583
0.036063
0.330134
0.226346
0.328865
0.550113
0.128302
0.455310
0.374834
0.723787
0.325958
0.038196
0.150880
0.548574
0.358349
0.668634
0.242378
0.677775
0.228695
0.155852
0.773903
0.825175
0.947996
0.163766
0.642483
0.637606
0.377997
0.666062
0.782181
0.160490
0.987401
0.407701
0.612891
0.665696
0.995574
0.667491
0.277486
0.942084
0.067610
0.026470
0.753496
0.435437
0.433779
0.992045
0.630484
0.812340
0.938282
0.834017
0.199277
0.480179
0.839635
0.028692
0.415026
0.362727
0.059976
0.250975
0.418470
0.269835
0.244539
0.918181
0.258496
0.644163
0.286316
0.186908
0.618434
0.373515
0.594745
0.895842
0.057148
0.951543
0.150619
0.890269
0.116831
0.201923
0.461360
0.162214
0.689953
0.372783
0.689558
0.294727
0.079711
0.902366
0.110980
0.357499
0.017794
0.968666
0.413232
0.008684
0.540781
0.902072
0.279218
0.505920
0.576908
0.169516
0.926458
0.306713
0.597564
0.362118
0.369267
0.179817
0.966299
0.038232
0.820435
0.287323
0.130383
0.414609
0.896256
0.610876
0.488430
0.456376
0.786860
0.760850
0.309019
0.509871
0.815570
0.547154
0.130789
0.041057
0.458407
0.424468
0.539606
0.498259
0.909405
0.819639
0.473041
0.695028
0.249923
0.468193
0.360768
0.212775
0.660726
0.840817
0.570245
0.130912
0.464000
0.936444
0.123186
0.304065
0.017445
0.610313
0.297241
0.492697
0.132569
0.944130
0.080755
0.908447
0.141990
0.248931
0.042576
0.323615
0.492915
0.214392
0.784147
0.402478
0.652583
0.622456
0.012462
0.599245
0.642040
0.367047
0.399089
0.014176
0.992430
0.250389
0.746039
0.358158
0.777538
0.942447
0.771815
0.421355
0.411660
0.422311
0.752798
0.619649
0.516163
0.294874
0.733127
0.671640
0.614218
0.265856
0.461362
0.779081
0.083033
0.232763
0.270184
0.806575
0.408070
0.425332
0.915849
0.516082
0.684914
0.619960
0.801578
0.463848
0.701948
0.018796
0.871903
0.439325
0.120283
0.082866
0.866466
0.466990
0.915492
0.643949
0.129030
0.223835
0.636886
0.492772
0.082461
0.991033
0.312053
0.399483
0.089189
0.872765
0.224268
0.010805
0.239675
0.315437
0.924518
0.178575
0.653683
0.955276
0.924233
0.194867
0.879773
0.442215
0.624426
0.874987
0.661186
0.235663
0.356489
0.973568
0.659078
0.967528
0.483283
0.619800
0.129340
0.016088
0.489707
0.191613
0.213699
0.549138
0.892328
0.738069
0.590644
0.766239
0.740008
0.924225
0.132383
0.109925
0.943187
0.779743
0.810476
0.207990
0.749368
0.845129
0.999214
0.559324
0.326691
0.737985
0.140845
0.961592
0.685725
0.613280
0.293469
0.299841
0.480794
0.420544
0.698102
0.142159
0.614557
0.517913
0.227924
0.114944
0.910895
0.886155
0.456120
0.921189
0.418458
0.489691
0.369541
0.207462
0.517014
0.897950
0.218533
0.037585
0.886749
0.047614
0.117981
0.174225
0.392128
0.479664
0.274462
0.556129
0.961445
0.807023
0.817519
0.563029
0.904657
0.887974
0.351686
0.828561
0.708846
0.823447
0.446923
0.362129
0.945404
0.635564
0.259589
0.613422
0.387847
0.290220
0.469538
0.320282
0.005450
0.614587
0.361239
0.655538
0.006529
0.944679
0.532276
0.387000
0.256350
0.878952
0.729793
0.714476
0.997845
0.968446
0.277373
0.797996
0.027612
0.246422
0.529008
0.063565
0.103261
0.191692
0.574775
0.409918
0.018849
0.577789
0.810923
0.857032
0.229932
0.029469
0.995651
0.811328
0.245087
0.380444
0.545877
0.482519
0.942516
0.790067
0.329025
0.503461
0.093632
0.267423
0.290846
0.079758
0.364994
0.801071
0.393685
0.054679
0.969517
0.780579
0.461624
0.813362
0.600852
0.198168
0.316475
0.586607
0.823911
0.157800
0.702732
0.238716
0.331765
0.214927
0.835789
0.247814
0.396060
0.789238
0.345989
0.194629
0.025402
0.398700
0.045517
0.472492
0.254148
0.366307
0.414493
0.094927
0.172256
0.358445
0.319885
0.806935
0.694144
0.079734
0.063340
0.273372
0.179390
0.424690
0.953585
0.915734
0.248066
0.669250
0.751744
0.162254
0.975756
0.970022
0.314288
0.052440
0.964238
0.667547
0.813251
0.554784
0.029260
0.100389
0.036071
0.796056
0.751968
0.814899
0.431606
0.014813
0.339985
0.983193
0.982479
0.215083
0.931759
0.348406
0.339369
0.654710
0.057010
0.227531
0.376919
0.824914
0.699489
0.691095
0.834710
0.003141
0.668010
0.475132
0.635725
0.752257
0.499184
0.981156
0.958891
0.529270
0.231331
0.697445
0.045737
0.411854
0.303850
0.890378
0.892737
0.578334
0.859503
0.624985
0.503388
0.736105
0.527477
0.283391
0.815005
0.005817
0.621138
0.259478
0.076260
0.577324
0.733727
0.465607
0.618844
0.673374
0.204946
0.537496
0.160764
0.325201
0.467913
0.057800
0.004636
0.189439
0.085091
0.926191
0.491029
0.048641
0.418809
0.919034
0.558316
0.840865
0.541366
0.037400
0.204304
0.581499
0.715405
0.017216
0.483839
0.569234
0.720696
0.245811
0.587105
0.925852
0.481162
0.717812
0.686789
0.096398
0.978202
0.790042
0.014040
0.144275
0.804415
0.626322
0.903188
0.898570
0.006591
0.922392
0.947684
0.554197
0.038468
0.878895
0.533388
0.666759
0.751898
0.353705
0.693091
0.522790
0.818557
0.627991
0.775499
0.173546
0.821588
0.514173
0.894442
0.489893
0.375252
0.416312
0.556122
0.092207
0.017810
0.019108
0.524065
0.019382
0.634969
0.172229
0.628233
0.283887
0.774092
0.190580
0.345459
0.695960
0.228186
0.693764
0.046881
0.382029
0.638021
0.541535
0.532211
0.544703
0.874562
0.715677
0.042926
0.160471
0.525469
0.778358
0.293565
0.354808
0.681551
0.975535
0.093382
0.172604
0.273667
0.121083
0.995174
0.836832
0.679234
0.109663
0.733981
0.493727
0.040969
0.577293
0.369953
0.934305
0.418975
0.718665
0.375401
0.087183
0.340356
0.236479
0.989178
0.845978
0.687142
0.544751
0.069179
0.347110
0.951794
0.675996
0.207906
0.394036
0.327515
0.399376
0.822639
0.746612
0.635277
0.187946
0.311498
0.296483
0.827127
0.269770
0.684238
0.239871
0.461903
0.748216
0.571466
0.668489
0.700193
0.916691
0.411564
0.130213
0.694606
0.454579
0.369052
0.687858
0.803382
0.253286
0.093773
0.523355
0.483151
0.560152
0.463914
0.813865
0.533083
0.866251
0.628580
0.236043
0.189775
0.221710
0.872966
0.246558
0.391471
0.205484
0.451003
0.125024
0.932353
0.669230
0.680883
0.455249
0.663018
0.227258
0.376851
0.239748
0.921229
0.683722
0.428954
0.590224
0.916769
0.628433
0.858541
0.984449
0.373870
0.044823
0.522955
0.420854
0.742048
0.255555
0.354142
0.601230
0.218239
0.977780
0.363345
0.116105
0.536438
0.812705
0.882610
0.755461
0.441307
