Lavaux_Jensen_0_1
0.000002
0.022097
0.285094
0.550013
0.909776
0.942889
0.093111
0.755315
0.845105
0.050294
0.597086
0.332958
0.613686
0.199939
0.804433
0.716763
0.812115
0.815928
0.024457
0.790032
0.477137
0.898871
0.134702
0.475867
0.235357
0.489700
0.953133
0.951792
0.797471
0.111032
0.093235
0.475551
0.608158
0.788685
0.643314
0.138430
0.924564
0.930978
0.545193
0.517080
0.743433
0.351956
0.581424
0.249775
0.564526
0.790174
0.516914
0.202872
0.498539
0.355331
0.704676
0.661946
0.280042
0.873089
0.552745
0.032946
0.206340
0.270730
0.778126
0.884411
0.314153
0.113916
0.634192
0.924476
0.447573
0.563336
0.001942
0.167385
0.529324
0.249248
0.766960
0.194496
0.886553
0.476168
0.568227
0.004350
0.012410
0.367813
0.279914
0.534984
0.572870
0.876906
0.372063
0.948122
0.748715
0.332997
0.162227
0.217636
0.386189
0.435724
0.410576
0.351279
0.714572
0.357168
0.390955
0.692333
0.169406
0.165608
0.576641
0.552895
0.777961
0.878878
0.170999
0.888854
0.557329
0.588055
0.570470
0.663388
0.930436
0.734887
0.322912
0.895635
0.563725
0.487259
0.512677
0.447968
0.601198
0.428461
0.711202
0.272373
0.638975
0.384849
0.546495
0.876498
0.125414
0.073770
0.606796
0.055038
0.153757
0.504896
0.264696
0.693758
0.853945
0.343243
0.222018
0.532370
0.101087
0.105411
0.188355
0.868962
0.900414
0.460594
0.344950
0.112185
0.239701
0.627691
0.759948
0.007019
0.124103
0.966756
0.032239
0.053827
0.926191
0.158865
0.392386
0.746411
0.643448
0.639337
0.695402
0.519865
0.501464
0.215651
0.038425
0.829684
0.964928
0.568231
0.635423
0.295628
0.309009
0.838806
0.511502
0.912457
0.695962
0.980869
0.143877
0.639451
0.228113
0.437933
0.399404
0.275449
0.787943
0.970159
0.696075
0.059486
0.004596
0.745250
0.866261
0.421439
0.326831
0.806467
0.512693
0.364716
0.654799
0.624640
0.936229
0.075198
0.053774
0.012097
0.861053
0.108297
0.805435
0.338725
0.993798
0.359298
0.057012
0.842499
0.905742
0.530624
0.012649
0.201919
0.221060
0.892365
0.428856
0.253062
0.700435
0.317516
0.877971
0.341348
0.521319
0.248697
0.127811
0.833610
0.038799
0.915684
0.147066
0.550227
0.151309
0.629323
0.825995
0.564847
0.352067
0.793140
0.939060
0.949732
0.800897
0.724451
0.155725
0.591763
0.654353
0.896469
0.809924
0.375587
0.219462
0.595888
0.496749
0.518625
0.693992
0.639907
0.502772
0.074558
0.692273
0.975389
0.266850
0.008478
0.970196
0.062888
0.981118
0.433695
0.718039
0.661051
0.593594
0.717153
0.118998
0.313290
0.678054
0.071674
0.130385
0.698716
0.253803
0.807604
0.360985
0.352803
0.824944
0.696713
0.641381
0.759007
0.869845
0.474955
0.235497
0.738893
0.247695
0.679546
0.364346
0.562990
0.548138
0.065983
0.721989
0.514593
0.136769
0.302591
0.295993
0.370592
0.435309
0.498797
0.068948
0.632825
0.009073
0.127913
0.004591
0.425793
0.051219
0.779333
0.214249
0.956253
0.385473
0.876771
0.881172
0.851221
0.735626
0.470818
0.588056
0.706665
0.607150
0.632494
0.264906
0.802201
0.116525
0.000707
0.340361
0.289615
0.707116
0.066105
0.551623
0.726403
0.173271
0.686650
0.629951
0.690603
0.340185
0.740583
0.036063
0.330134
0.226346
0.328865
0.550113
0.128302
0.455310
0.374834
0.723787
0.325958
0.038196
0.150880
0.548574
0.358349
0.668634
0.242378
0.677775
0.228695
0.155852
0.773903
0.825175
0.947996
0.163766
0.642483
0.637606
0.377997
0.666062
0.782181
0.160490
0.987401
0.407701
0.612891
0.665696
0.995574
0.667491
0.277486
0.942084
0.067610
0.026470
0.753496
0.435437
0.433779
0.992045
0.630484
0.812340
0.938282
0.834017
0.199277
0.480179
0.839635
0.028692
0.415026
0.362727
0.059976
0.250975
0.418470
0.269835
0.244539
0.918181
0.258496
0.644163
0.286316
0.186908
0.618434
0.373515
0.594745
0.895842
0.057148
0.951543
0.150619
0.890269
0.116831
0.201923
0.461360
0.162214
0.689953
0.372783
0.689558
0.294727
0.079711
0.902366
0.110980
0.357499
0.017794
0.968666
0.413232
0.008684
0.540781
0.902072
0.279218
0.505920
0.576908
0.169516
0.926458
0.306713
0.597564
0.362118
0.369267
0.179817
0.966299
0.038232
0.820435
0.287323
0.130383
0.414609
0.896256
0.610876
0.488430
0.456376
0.786860
0.760850
0.309019
0.509871
0.815570
0.547154
0.130789
0.041057
0.458407
0.424468
0.539606
0.498259
0.909405
0.819639
0.473041
0.695028
0.249923
0.468193
0.360768
0.212775
0.660726
0.840817
0.570245
0.130912
0.464000
0.936444
0.123186
0.304065
0.017445
0.610313
0.297241
0.492697
0.132569
0.944130
0.080755
0.908447
0.141990
0.248931
0.042576
0.323615
0.492915
0.214392
0.784147
0.402478
0.652583
0.622456
0.012462
0.599245
0.642040
0.367047
0.399089
0.014176
0.992430
0.250389
0.746039
0.358158
0.777538
0.942447
0.771815
0.421355
0.411660
0.422311
0.752798
0.619649
0.516163
0.294874
0.733127
0.671640
0.614218
0.265856
0.461362
0.779081
0.083033
0.232763
0.270184
0.806575
0.408070
0.425332
0.915849
0.516082
0.684914
0.619960
0.801578
0.463848
0.701948
0.018796
0.871903
0.439325
0.120283
0.082866
0.866466
0.466990
0.915492
0.643949
0.129030
0.223835
0.636886
0.492772
0.082461
0.991033
0.312053
0.399483
0.089189
0.872765
0.224268
0.010805
0.239675
0.315437
0.924518
0.178575
0.653683
0.955276
0.924233
0.194867
0.879773
0.442215
0.624426
0.874987
0.661186
0.235663
0.356489
0.973568
0.659078
0.967528
0.483283
0.619800
0.129340
0.016088
0.489707
0.191613
0.213699
0.549138
0.892328
0.738069
0.590644
0.766239
0.740008
0.924225
0.132383
0.109925
0.943187
0.779743
0.810476
0.207990
0.749368
0.845129
0.999214
0.559324
0.326691
0.737985
0.140845
0.961592
0.685725
0.613280
0.293469
0.299841
0.480794
0.420544
0.698102
0.142159
0.614557
0.517913
0.227924
0.114944
0.910895
0.886155
0.456120
0.921189
0.418458
0.489691
0.369541
0.207462
0.517014
0.897950
0.218533
0.037585
0.886749
0.047614
0.117981
0.174225
0.392128
0.479664
0.274462
0.556129
0.961445
0.807023
0.817519
0.563029
0.904657
0.887974
0.351686
0.828561
0.708846
0.823447
0.446923
0.362129
0.945404
0.635564
0.259589
0.613422
0.387847
0.290220
0.469538
0.320282
0.005450
0.614587
0.361239
0.655538
0.006529
0.944679
0.532276
0.387000
0.256350
0.878952
0.729793
0.714476
0.997845
0.968446
0.277373
0.797996
0.027612
0.246422
0.529008
0.063565
0.103261
0.191692
0.574775
0.409918
0.018849
0.577789
0.810923
0.857032
0.229932
0.029469
0.995651
0.811328
0.245087
0.380444
0.545877
0.482519
0.942516
0.790067
0.329025
0.503461
0.093632
0.267423
0.290846
0.079758
0.364994
0.801071
0.393685
0.054679
0.969517
0.780579
0.461624
0.813362
0.600852
0.198168
0.316475
0.586607
0.823911
0.157800
0.702732
0.238716
0.331765
0.214927
0.835789
0.247814
0.396060
0.789238
0.345989
0.194629
0.025402
0.398700
0.045517
0.472492
0.254148
0.366307
0.414493
0.094927
0.172256
0.358445
0.319885
0.806935
0.694144
0.079734
0.063340
0.273372
0.179390
0.424690
0.953585
0.915734
0.248066
0.669250
0.751744
0.162254
0.975756
0.970022
0.314288
0.052440
0.964238
0.667547
0.813251
0.554784
0.029260
0.100389
0.036071
0.796056
0.751968
0.814899
0.431606
0.014813
0.339985
0.983193
0.982479
0.215083
0.931759
0.348406
0.339369
0.654710
0.057010
0.227531
0.376919
0.824914
0.699489
0.691095
0.834710
0.003141
0.668010
0.475132
0.635725
0.752257
0.499184
0.981156
0.958891
0.529270
0.231331
0.697445
0.045737
0.411854
0.303850
0.890378
0.892737
0.578334
0.859503
0.624985
0.503388
0.736105
0.527477
0.283391
0.815005
0.005817
0.621138
0.259478
0.076260
0.577324
0.733727
0.465607
0.618844
0.673374
0.204946
0.537496
0.160764
0.325201
0.467913
0.057800
0.004636
0.189439
0.085091
0.926191
0.491029
0.048641
0.418809
0.919034
0.558316
0.840865
0.541366
0.037400
0.204304
0.581499
0.715405
0.017216
0.483839
0.569234
0.720696
0.245811
0.587105
0.925852
0.481162
0.717812
0.686789
0.096398
0.978202
0.790042
0.014040
0.144275
0.804415
0.626322
0.903188
0.898570
0.006591
0.922392
0.947684
0.554197
0.038468
0.878895
0.533388
0.666759
0.751898
0.353705
0.693091
0.522790
0.818557
0.627991
0.775499
0.173546
0.821588
0.514173
0.894442
0.489893
0.375252
0.416312
0.556122
0.092207
0.017810
0.019108
0.524065
0.019382
0.634969
0.172229
0.628233
0.283887
0.774092
0.190580
0.345459
0.695960
0.228186
0.693764
0.046881
0.382029
0.638021
0.541535
0.532211
0.544703
0.874562
0.715677
0.042926
0.160471
0.525469
0.778358
0.293565
0.354808
0.681551
0.975535
0.093382
0.172604
0.273667
0.121083
0.995174
0.836832
0.679234
0.109663
0.733981
0.493727
0.040969
0.577293
0.369953
0.934305
0.418975
0.718665
0.375401
0.087183
0.340356
0.236479
0.989178
0.845978
0.687142
0.544751
0.069179
0.347110
0.951794
0.675996
0.207906
0.394036
0.327515
0.399376
0.822639
0.746612
0.635277
0.187946
0.311498
0.296483
0.827127
0.269770
0.684238
0.239871
0.461903
0.748216
0.571466
0.668489
0.700193
0.916691
0.411564
0.130213
0.694606
0.454579
0.369052
0.687858
0.803382
0.253286
0.093773
0.523355
0.483151
0.560152
0.463914
0.813865
0.533083
0.866251
0.628580
0.236043
0.189775
0.221710
0.872966
0.246558
0.391471
0.205484
0.451003
0.125024
0.932353
0.669230
0.680883
0.455249
0.663018
0.227258
0.376851
0.239748
0.921229
0.683722
0.428954
0.590224
0.916769
0.628433
0.858541
0.984449
0.373870
0.044823
0.522955
0.420854
0.742048
0.255555
0.354142
0.601230
0.218239
0.977780
0.363345
0.116105
0.536438
0.812705
0.882610
0.755461
0.441307
0.591367
0.632596
0.700053
0.294706
0.625769
0.179005
0.818354
0.803382
0.853955
0.374624
0.375383
0.196024
0.948306
0.173042
0.598709
0.721919
0.804354
0.170248
0.111921
0.354201
0.115528
0.792666
0.776901
0.430273
0.437208
0.850303
0.945118
0.381764
0.767898
0.341387
0.138819
0.037318
0.039670
0.794454
0.321011
0.423626
0.374681
0.913950
0.895998
0.853148
0.686693
0.938996
0.559524
0.039709
0.390280
0.499485
0.910394
0.304076
0.126742
0.160828
0.087073
0.758260
0.572525
0.574586
0.518228
0.936883
0.407863
0.717509
0.512315
0.282746
0.282086
0.110851
0.867051
0.407816
0.305962
0.904740
0.885442
0.215085
0.965979
0.012246
0.243663
0.966053
0.922836
0.042819
0.591816
0.756616
0.505689
0.057194
0.777740
0.774386
0.720865
0.322543
0.284808
0.165580
0.681695
0.448648
0.157012
0.461622
0.754498
0.928763
0.060573
0.786024
0.671255
0.072442
0.584537
0.571708
0.945520
0.216190
0.719095
0.217921
0.255059
0.530075
0.147123
0.063851
0.929800
0.537298
0.441176
0.671935
0.260937
0.946598
0.046150
0.725900
0.277605
0.616087
0.540159
0.744643
0.719064
0.457659
0.768042
0.290028
0.757734
0.124158
0.120015
0.761143
0.243166
0.151775
0.241347
0.185256
0.777650
0.347029
0.488029
0.461891
0.286012
0.084756
0.340869
0.225603
0.187443
0.528773
0.030683
0.159212
0.145010
0.792758
0.756530
0.115690
0.284881
0.652052
0.965407
0.556331
0.915024
0.508774
0.245599
0.457334
0.101941
0.048270
0.928756
0.207892
0.000570
0.034431
0.631664
0.961229
0.890180
0.339053
0.753147
0.105830
0.308318
0.934791
0.602199
0.807026
0.152907
0.785424
0.019652
0.098077
0.843391
0.408420
0.388795
0.553150
0.596587
0.165023
0.053437
0.789982
0.129231
0.838304
0.790118
0.674464
0.992029
0.810382
0.951307
0.239433
0.660832
0.651282
0.717361
0.701354
0.147847
0.422731
0.997388
0.136596
0.484946
0.704450
0.505457
0.048131
0.004357
0.726014
0.433366
0.257760
0.978395
0.976604
0.640524
0.951578
0.255442
0.944702
0.003765
0.800218
0.966906
0.871062
0.305014
0.492308
0.899144
0.476738
0.994631
0.741201
0.491957
0.933337
0.236737
0.442029
0.704600
0.989344
0.625572
0.618795
0.791860
0.252874
0.836432
0.669140
0.763636
0.490654
0.640461
0.106386
0.415891
0.252720
0.240770
0.043036
0.069737
0.724054
0.771207
0.444569
0.836544
0.974242
0.203653
0.204281
0.435277
0.494832
0.421861
0.205595
0.465030
0.336132
0.098405
0.213327
0.019800
0.270153
0.436909
0.995291
0.608929
0.187720
0.166914
0.954685
0.297817
0.593609
0.177970
0.546054
0.638451
0.286219
0.299030
0.256495
0.443994
0.524498
0.337215
0.221864
0.449032
0.605821
0.126487
0.987163
0.856765
0.449721
0.963667
0.242439
0.223053
0.633640
0.060339
0.911284
0.878335
0.222601
0.070151
0.938488
0.502246
0.523333
0.089400
0.826283
0.699672
0.658130
0.924019
0.073693
0.684885
0.161772
0.689369
0.459257
0.963532
0.958118
0.703862
0.711414
0.258164
0.357500
0.068340
0.780214
0.696713
0.652377
0.627284
0.265239
0.366198
0.481721
0.194080
0.783460
0.914634
0.123539
0.921416
0.252402
0.697855
0.983449
0.611968
0.403101
0.547031
0.733315
0.118188
0.867702
0.156197
0.259981
0.969704
0.061664
0.232937
0.986915
0.110490
0.812967
0.342575
0.392173
0.415859
0.402579
0.026314
0.060062
0.203199
0.853207
0.553454
0.251093
0.634089
0.027788
0.140596
0.369495
0.034657
0.325514
0.746875
0.448434
0.213294
0.550996
0.541069
0.693010
0.729516
0.300372
0.787944
0.537625
0.336236
0.985085
0.468436
0.639079
0.973005
0.287453
0.229070
0.775927
0.395108
0.408970
0.845077
0.028746
0.869485
0.289073
0.920694
0.629849
0.112269
0.004700
0.977412
0.983964
0.464788
0.634396
0.882045
0.047043
0.057833
0.919838
0.023476
0.216727
0.672173
0.376085
0.088992
0.327430
0.113047
0.993180
0.344185
0.182302
0.045841
0.098506
0.157366
0.204577
0.429332
0.183628
0.099962
0.397541
0.393801
0.772681
0.315138
0.495489
0.777633
0.562536
0.291308
0.331733
0.613474
0.798128
0.565661
0.392726
0.871159
0.969113
0.872554
0.852611
0.368781
0.595300
0.546695
0.157377
0.276850
0.886454
0.592453
0.254118
0.306566
0.054763
0.286240
0.624724
0.906865
0.772569
0.833421
0.405181
0.433043
0.810359
0.846227
0.556498
0.801132
0.976237
0.933184
0.540238
0.037569
0.683493
0.728929
0.464449
0.975451
0.481812
0.278205
0.662423
0.161398
0.744316
0.898464
0.089539
0.516894
0.060088
0.857719
0.449275
0.063156
0.252955
0.341077
0.249355
0.859206
0.954112
0.960344
0.938522
0.430649
0.280075
0.252900
0.263441
0.265640
0.999312
0.282164
0.127952
0.230214
0.060947
0.202717
0.632061
0.985143
0.066593
0.895833
0.948563
0.070152
0.110818
0.969753
0.078449
0.330026
0.925046
0.304677
0.864138
0.783919
0.821768
0.202833
0.467963
0.049240
0.047682
0.173914
0.613082
0.611572
0.672374
0.587285
0.489604
0.841094
0.529094
0.293048
0.339802
0.874591
0.311380
0.839722
0.326181
0.662730
0.148234
0.879151
0.563118
0.399532
0.625203
0.578443
0.848997
0.650909
0.692475
0.480140
0.098121
0.150075
0.466493
0.938399
0.151212
0.969625
0.960901
0.480364
0.185604
0.574890
0.007097
0.714781
0.481152
0.744792
0.385271
0.547679
0.689620
0.070333
0.683654
0.828032
0.852621
0.434728
0.946358
0.291892
0.298950
0.692342
0.427691
0.005642
0.793861
0.517399
0.021373
0.928855
0.212157
0.830999
0.314454
0.772368
0.850115
0.251326
0.974960
0.862645
0.798657
0.984092
0.925875
0.130566
0.576830
0.486841
0.701707
0.810202
0.209626
0.032589
0.602920
0.696107
0.851341
0.067792
0.942446
0.398430
0.862806
0.531299
0.361209
0.532885
0.390470
0.271074
0.029552
0.063224
0.144192
0.482108
0.561215
0.500220
0.389762
0.982316
0.768265
0.572998
0.557266
0.855008
0.460416
0.592493
0.197187
0.900774
0.431530
0.586245
0.906935
0.763749
0.529717
0.509152
0.899936
0.004984
0.335128
0.333304
0.930466
0.688304
0.890069
0.545737
0.637499
0.792922
0.167867
0.786933
0.081712
0.465420
0.417578
0.842899
0.357567
0.436421
0.178375
0.554431
0.937572
0.941396
0.976558
0.070408
0.603339
0.959309
0.465517
0.185995
0.927108
0.197819
0.869860
0.756912
0.761647
0.862211
0.983756
0.649650
0.783916
0.121350
0.944414
0.703809
0.010886
0.274184
0.457742
0.372481
0.291305
0.792754
0.857344
0.242809
0.986050
0.712332
0.202212
0.491102
0.527521
0.718193
0.794118
0.511856
0.925252
0.875272
0.863749
0.791186
0.924720
0.317458
0.435095
0.432858
0.777913
0.584803
0.340258
0.246537
0.030559
0.319103
0.190453
0.677181
0.439394
0.022356
0.591964
0.092619
0.905250
0.791594
0.665879
0.601203
0.930152
0.782769
0.734556
0.987615
0.599595
0.462413
0.982515
0.924216
0.959570
0.987677
0.700553
0.025990
0.140973
0.743672
0.954547
0.804791
0.905450
0.764258
0.869274
0.175213
0.904453
0.493129
0.226475
0.949222
0.799698
0.802339
0.398767
0.105702
0.165141
0.993612
0.289440
0.456991
0.439076
0.453798
0.544824
0.377213
0.015558
0.931706
0.832171
0.273221
0.236962
0.932958
0.022721
0.531814
0.688326
0.298154
0.136948
0.376847
0.897858
0.615142
0.456573
0.824252
0.649581
0.117780
0.204646
0.185825
0.430996
0.212760
0.169191
0.094932
0.622536
0.745842
0.985292
0.106950
0.422668
0.734307
0.992123
0.658881
0.963249
0.140577
0.501702
0.697897
0.859008
0.601361
0.421017
0.046009
0.542170
0.038296
0.783637
0.542905
0.131764
0.112141
0.305749
0.983617
0.485152
0.317739
0.378585
0.671047
0.169166
0.597433
0.347729
0.161521
0.796643
0.044508
0.772611
0.167333
0.912319
0.115645
0.978592
0.063357
0.025395
0.734250
0.340882
0.541904
0.604615
0.378489
0.714957
0.484479
0.739525
0.264844
0.452353
0.431410
0.577496
0.787271
0.823203
0.287613
0.652936
0.603217
0.076723
0.309151
0.400442
0.991989
0.086249
0.471757
0.789041
0.091517
0.684154
0.076893
0.416405
0.261403
0.641023
0.748047
0.080460
0.460199
0.389394
0.701284
0.805960
0.172005
0.250874
0.528197
0.284773
0.002213
0.171803
0.441597
0.414284
0.687248
0.991403
0.536766
0.046624
0.452811
0.601440
0.693059
0.634627
0.605651
0.161202
0.157967
0.355416
0.073602
0.818726
0.041314
0.670258
0.607362
0.280756
0.120850
0.535525
0.237331
0.551360
0.788613
0.493969
0.723494
0.313268
0.213630
0.262416
0.451463
0.707011
0.971117
0.789999
0.991009
0.730423
0.398589
0.923227
0.244011
0.553988
0.739206
0.097834
0.338178
0.754105
0.973402
0.934349
0.664121
0.694417
0.919039
0.280664
0.371597
0.031867
0.292880
0.391200
0.322826
0.945650
0.613567
0.313326
0.705473
0.149432
0.027068
0.656875
0.915929
0.875451
0.835078
0.225414
0.787391
0.747769
0.987271
0.196502
0.031371
0.085192
0.388809
0.844765
0.831956
0.595314
0.201015
0.133120
0.747514
0.402625
0.548514
0.764898
0.474730
0.767632
0.160107
0.638565
0.076631
0.931977
0.479881
0.707013
0.103568
0.107359
0.002863
0.379314
0.699498
0.413959
0.876488
0.163008
0.512968
0.376483
0.822260
0.812408
0.672333
0.571934
0.875529
0.890511
0.559244
0.971071
0.316153
0.170551
0.866418
0.062860
0.016833
0.484284
0.870348
0.745267
0.613894
0.488143
0.823614
0.312770
0.798727
0.870377
0.383840
0.386934
0.325567
0.001493
0.477560
0.896428
0.268102
0.160287
0.550043
0.901526
0.665757
0.706596
0.800706
0.219417
0.059555
0.861892
0.444586
0.093834
0.903148
0.776876
0.891435
0.078328
0.369789
0.972293
0.785569
0.488958
0.380444
0.930906
0.313372
0.210829
0.518491
0.974739
0.945267
0.904406
0.935984
0.696657
0.640598
0.202281
0.005681
0.227653
0.484796
0.874449
0.739120
0.843930
0.147803
0.089208
0.328081
0.668323
0.522369
0.335894
0.325826
0.050645
0.413555
0.692298
0.263337
0.157165
0.371772
0.411168
0.989157
0.131309
0.277695
0.122761
0.870960
0.160523
0.357387
0.770139
0.641121
0.887458
0.110446
0.035732
0.092649
0.810790
0.525587
0.916335
0.818165
0.840036
0.711232
0.053071
0.562195
0.692215
0.129543
0.826260
0.651906
0.772659
0.359245
0.345250
0.056453
0.979069
0.265478
0.672224
0.369883
0.152360
0.585685
0.648197
0.933910
0.799920
0.883095
0.879647
0.228054
0.100900
0.129195
0.995819
0.916166
0.917584
0.581419
0.509035
0.707385
0.664888
0.271350
0.172568
0.670175
0.998903
0.133497
0.910842
0.331323
0.676933
0.328179
0.332798
0.845410
0.901790
0.559388
0.778189
0.579095
0.512714
0.496539
0.394792
0.510109
0.529088
0.786592
0.117910
0.081692
0.530322
0.520765
0.697226
0.314600
0.889585
0.500553
0.274673
0.593060
0.928421
0.755361
0.004454
0.187191
0.066111
0.695087
0.975900
0.128442
0.178698
0.153635
0.264407
0.939454
0.818948
0.683579
0.417009
0.154956
0.075807
0.509976
0.559006
0.822717
0.549877
0.926499
0.676969
0.806452
0.804413
0.925120
0.441882
0.836407
0.317986
0.969283
0.243443
0.775293
0.248174
0.949084
0.331844
0.441407
0.532942
0.066826
0.134788
0.808187
0.059423
0.185550
0.822880
0.277887
0.854749
0.696855
0.032953
0.601299
0.771016
0.314329
0.682661
0.527097
0.701087
0.134120
0.986803
0.351837
0.463251
0.505154
0.941345
0.690421
0.604139
0.570863
0.609674
0.278933
0.198969
0.056367
0.821168
0.786503
0.468403
0.926226
0.277964
0.076077
0.608876
0.796219
0.324632
0.288557
0.559269
0.488256
0.639318
0.500512
0.646847
0.332293
0.085288
0.539032
0.799258
0.876863
0.759490
0.141925
0.641382
0.626221
0.589962
0.887543
0.664608
0.504595
0.476195
0.843415
0.344619
0.606163
0.104902
0.400585
0.659462
0.744299
0.986297
0.272158
0.724220
0.608664
0.580739
0.687758
0.998264
0.388719
0.369430
0.755327
0.756166
0.364322
0.472250
0.179348
0.748994
0.706819
0.646647
0.708758
0.457925
0.008327
0.788813
0.073844
0.280740
0.465071
0.086960
0.791505
0.851666
0.207257
0.790082
0.151518
0.418631
0.689212
0.807644
0.318856
0.466127
0.947651
0.558781
0.721525
0.237515
0.692902
0.265916
0.459520
0.373446
0.829693
0.218644
0.134945
0.922811
0.994496
0.010148
0.329644
0.613707
0.850979
0.820438
0.555066
0.592784
0.181569
0.047972
0.276951
0.185149
0.650657
0.892602
0.028656
0.411088
0.565098
0.396712
0.422723
0.571934
0.013366
0.345449
0.348350
0.721708
0.591154
0.808266
0.897509
0.044057
0.105218
0.828992
0.736228
0.310521
0.447708
0.306132
0.168358
0.695436
0.430687
0.774346
0.012539
0.238524
0.117608
0.036479
0.411036
0.386411
0.859633
0.197289
0.640980
0.001325
0.286028
0.018204
0.030101
0.425832
0.277747
0.909948
0.863292
0.047835
0.011655
0.678667
0.172872
0.965583
0.461612
0.072702
0.050951
0.938151
0.915626
0.582284
0.420259
0.686897
0.671126
0.023295
0.410498
0.636457
0.830662
0.498449
0.768044
0.432928
0.187418
0.043762
0.281641
0.619325
0.385132
0.913241
0.536678
0.986072
0.603471
0.168175
0.463504
0.633136
0.872701
0.266125
0.965754
0.201170
0.097527
0.295325
0.294465
0.056386
0.977974
0.588399
0.961298
0.187187
0.185950
0.750369
0.594804
0.913497
0.492022
0.834339
0.769626
0.180171
0.562563
0.038070
0.058915
0.646280
0.058885
0.029067
0.250965
0.169222
0.585598
0.847675
0.255152
0.777566
0.245148
0.408867
0.919193
0.224904
0.771229
0.405579
0.056372
0.598544
0.819395
0.000232
0.000953
0.835973
0.294264
0.026825
0.083077
0.977205
0.066822
0.573129
0.448078
0.385506
0.981947
0.190114
0.593558
0.319828
0.246536
0.612039
0.111673
0.191438
0.615876
0.653385
0.201757
0.620800
0.925016
0.875021
0.154350
0.299224
0.529939
0.038161
0.843584
0.408090
0.888961
0.256621
0.239048
0.445790
0.508756
0.940725
0.546234
0.232561
0.654220
0.034650
0.088520
0.314119
0.851447
0.976850
0.782568
0.158830
0.244711
0.163894
0.658991
0.366775
0.169689
0.234159
0.513930
0.493759
0.916243
0.081581
0.414640
0.184363
0.036832
0.392342
0.439792
0.735672
0.844847
0.509901
0.026497
0.341364
0.996477
0.276349
0.481431
0.443258
0.487728
0.980182
0.249985
0.426972
0.674260
0.831271
0.129358
0.407675
0.357156
0.261299
0.759778
0.862530
0.815681
0.450063
0.980520
0.164678
0.323605
0.551654
0.338775
0.679823
0.995687
0.246340
0.581335
0.505690
0.284161
0.189590
0.029942
0.405967
0.512289
0.244387
0.576411
0.237534
0.095711
0.751350
0.665414
0.650794
0.586884
0.557168
0.140329
0.000118
0.079646
0.738680
0.586660
0.911612
0.448015
0.440469
0.741167
0.479699
0.155779
0.609980
0.362710
0.497877
0.173192
0.647471
0.449484
0.852407
0.757923
0.679364
0.900305
0.334806
0.304954
0.762918
0.265262
0.758529
0.122030
0.397279
0.520551
0.730100
0.242754
0.169682
0.287852
0.542645
0.320046
0.734335
0.351029
0.981943
0.241306
0.992915
0.000259
0.897997
0.538574
0.816747
0.750496
0.969107
0.518916
0.778093
0.479123
0.425572
0.571209
0.607305
0.445238
0.595443
0.495896
0.789164
0.975576
0.959178
0.306849
0.290050
0.611758
0.161242
0.543538
0.661627
0.039661
0.817374
0.153530
0.099830
0.289951
0.402898
0.828199
0.712754
0.182298
0.421434
0.838311
0.639674
0.254043
0.079971
0.882922
0.497317
0.983842
0.965591
0.868449
0.249441
0.805489
0.595241
0.430603
0.202031
0.567021
0.041632
0.127595
0.728427
0.882719
0.208495
0.718080
0.195598
0.454640
0.304486
0.612958
0.672669
0.406984
0.948764
0.199608
0.493583
0.028673
0.418752
0.195365
0.864384
0.901778
0.342399
0.831051
0.058507
0.097437
0.648222
0.503876
0.546556
0.135166
0.555849
0.502700
0.735422
0.461312
0.541216
0.600075
0.029867
0.840063
0.502167
0.249009
0.221864
0.845032
0.224185
0.014401
0.912252
0.466894
0.879240
0.827609
0.788453
0.135834
0.844291
0.967855
0.243053
0.416227
0.995425
0.057849
0.502562
0.531810
0.698801
0.197136
0.234288
0.285912
0.594712
0.950668
0.462342
0.963592
0.554908
0.739747
0.610810
0.347892
0.718745
0.147001
0.022031
0.005040
0.598192
0.317834
0.399114
0.744283
0.936968
0.510995
0.181857
0.434876
0.351237
0.585501
0.881343
0.760485
0.038850
0.897163
0.226978
0.651281
0.776004
0.474057
0.586509
0.994985
0.513618
0.127222
0.329782
0.275223
0.614362
0.183155
0.555256
0.301205
0.843077
0.072695
0.178504
0.505845
0.830769
0.022980
0.697440
0.026124
0.802085
0.443476
0.762507
0.112535
0.799407
0.313627
0.863616
0.313605
0.598929
0.430380
0.230686
0.363308
0.625131
0.892564
0.271981
0.077244
0.794268
0.741347
0.244374
0.697971
0.703448
0.469510
0.171617
0.678243
0.512569
0.806269
0.469713
0.557022
0.309276
0.100302
0.080867
0.368197
0.503822
0.004548
0.796883
0.473575
0.657561
0.427327
0.616431
0.174887
0.126096
0.692336
0.534680
0.325604
0.500931
0.053766
0.824296
0.121040
0.300887
0.572992
0.208843
0.529614
0.920340
0.482431
0.037852
0.471727
0.943436
0.564665
0.691129
0.934368
0.524252
0.457170
0.621561
0.105437
0.289119
0.773009
0.203570
0.244598
0.800246
0.295786
0.510315
0.097075
0.924721
0.474869
0.278421
0.969670
0.859956
0.898179
0.225102
0.188017
0.189857
0.160411
0.009226
0.150942
0.284116
0.551848
0.034885
0.999014
0.938964
0.666484
0.902059
0.474133
0.209041
0.439163
0.142585
0.616184
0.448281
0.263135
0.328375
0.819249
0.199175
0.876755
0.199824
0.548464
0.514896
0.228036
0.992022
0.840727
0.822438
0.787128
0.100597
0.016814
0.526390
0.960173
0.952884
0.804172
0.185908
0.716054
0.868303
0.091147
0.479812
0.044520
0.598228
0.633660
0.998935
0.866545
0.533539
0.340342
0.597663
0.883514
0.520222
0.944832
0.009128
0.121181
0.201882
0.403901
0.326248
0.558985
0.544216
0.754063
0.903713
0.869284
0.031325
0.230679
0.108225
0.479818
0.157286
0.562762
0.984572
0.643912
0.578332
0.660824
0.396352
0.105966
0.310129
0.618428
0.109857
0.105885
0.929481
0.551445
0.919384
0.618531
0.007829
0.350332
0.548396
0.788001
0.212399
0.764711
0.223790
0.828477
0.266107
0.267774
0.515157
0.232372
0.475228
0.048984
0.996361
0.883174
0.889581
0.992641
0.246886
0.717230
0.538104
0.149262
0.623023
0.440265
0.127169
0.575505
0.536572
0.676841
0.253142
0.382622
0.858076
0.932512
0.577173
0.815839
0.673747
0.169084
0.661173
0.407511
0.365802
0.345076
0.750696
0.971925
0.734672
0.340029
0.804003
0.002649
0.252818
0.568330
0.456945
0.004836
0.132296
0.773277
0.440192
0.351973
0.534733
0.874622
0.647587
0.353401
0.270431
0.894096
0.620403
0.606479
0.774657
0.396530
0.549728
0.183387
0.049928
0.224333
0.005073
0.361944
0.893740
0.656986
0.828197
0.094105
0.846689
0.253820
0.952724
0.153473
0.385430
0.218267
0.147714
0.399508
0.422173
0.007465
0.771438
0.123450
0.865285
0.377174
0.854153
0.328339
0.036643
0.044451
0.109070
0.668880
0.057149
0.537854
0.561485
0.809191
0.813699
0.626942
0.259501
0.117307
0.954179
0.441543
0.217125
0.921394
0.151709
0.140409
0.182753
0.317370
0.999675
0.824136
0.723301
0.601399
0.693614
0.536186
0.276053
0.460747
0.707831
0.307811
0.415660
0.796915
0.051084
0.599076
0.390921
0.476635
0.188508
0.412068
0.642758
0.957293
0.132390
0.218809
0.268137
0.958099
0.552784
0.492374
0.351172
0.538739
0.545376
0.563884
0.457930
0.791510
0.157523
0.181207
0.960881
0.086678
0.137772
0.119802
0.907007
0.465980
0.097365
0.516657
0.914177
0.435181
0.296628
0.960916
0.727038
0.439100
0.271506
0.397838
0.098770
0.634615
0.157003
0.376110
0.210968
0.928465
0.740319
0.304200
0.881864
0.383731
0.367079
0.063248
0.934042
0.085368
0.943331
0.357461
0.746877
0.001197
0.522715
0.545795
0.765692
0.687721
0.675241
0.790210
0.498105
0.324127
0.819021
0.247250
0.826418
0.263671
0.510626
0.714338
0.691017
0.367419
0.869832
0.785021
0.850592
0.925547
0.630679
0.755302
0.356992
0.117789
0.018081
0.515053
0.061582
0.155680
0.736759
0.634847
0.221206
0.470155
0.800818
0.172068
0.529871
0.341310
0.935726
0.145130
0.460995
0.041564
0.542276
0.607416
0.067864
0.005199
0.151002
0.161330
0.619414
0.419169
0.326625
0.127601
0.016808
0.421745
0.750960
0.387644
0.574835
0.313757
0.849190
0.781200
0.801774
0.645302
0.692716
0.423189
0.472327
0.099163
0.860683
0.130410
0.869909
0.908065
0.554580
0.469688
0.246164
0.320425
0.103606
0.575678
0.585167
0.869302
0.374381
0.581906
0.805225
0.949805
0.793267
0.177835
0.829486
0.315886
0.223556
0.784647
0.114155
0.459892
0.817951
0.141889
0.455896
0.625980
0.928348
0.646755
0.283052
0.166723
0.923596
0.690110
0.353282
0.613400
0.299673
0.012876
0.377079
0.773461
0.207884
0.959264
0.715553
0.269583
0.652122
0.547877
0.974776
0.616421
0.277002
0.807824
0.159718
0.413291
0.280286
0.546624
0.539980
0.780280
0.415377
0.013733
0.607873
0.345021
0.917046
0.103477
0.427150
0.008102
0.084512
0.281733
0.337368
0.283850
0.023632
0.221165
0.813529
0.184351
0.001636
0.761548
0.311426
0.638762
0.055221
0.767829
0.043939
0.115344
0.952186
0.404139
0.829250
0.034756
0.608561
0.363869
0.785161
0.371635
0.362202
0.453017
0.680154
0.475875
0.589493
0.296832
0.016729
0.090624
0.497568
0.681046
0.350522
0.083006
0.238509
0.422921
0.233579
0.865216
0.966568
0.640396
0.415384
0.493702
0.021376
0.717825
0.303408
0.165631
0.980565
0.194326
0.048195
0.254438
0.029570
0.687405
0.207722
0.156523
0.574675
0.944127
0.602873
0.372619
0.641733
0.240376
0.400399
0.280363
0.706134
0.853104
0.461428
0.626349
0.772500
0.860484
0.741299
0.580537
0.832615
0.401668
0.798518
0.254355
0.079070
0.994772
0.904756
0.433958
0.226090
0.983576
0.591030
0.266641
0.008510
0.497381
0.823973
0.152985
0.899882
0.973120
0.096287
0.828350
0.550284
0.734931
0.112212
0.800239
0.617392
0.956497
0.136737
0.974995
0.008676
0.569893
0.500285
0.537478
0.010535
0.027868
0.861996
0.316603
0.028702
0.892438
0.147262
0.900930
0.364261
0.801538
0.210872
0.381517
0.496831
0.669137
0.217427
0.560559
0.120594
0.886464
0.066500
0.837487
0.794272
0.618442
0.371393
0.379527
0.621444
0.007742
0.086981
0.008345
0.205755
0.608276
0.792946
0.942627
0.044023
0.741961
0.401920
0.879010
0.080730
0.700127
0.065534
0.168781
0.886005
0.959297
0.792031
0.149669
0.606533
0.436913
0.623476
0.162722
0.729653
0.534926
0.614464
0.861969
0.784599
0.488471
0.632842
0.094766
0.354953
0.705839
0.600773
0.675644
0.400907
0.128893
0.005588
0.625124
0.581361
0.606341
0.737474
0.023483
0.450862
0.224014
0.817900
0.210498
0.496079
0.016510
0.740855
0.115659
0.616475
0.455223
0.689864
0.545732
0.973887
0.202620
0.158262
0.101371
0.000146
0.397361
0.688427
0.402081
0.609319
0.916986
0.867287
0.626437
0.394580
0.803831
0.039270
0.226213
0.366596
0.156953
0.702346
0.549834
0.912272
0.031128
0.375594
0.060336
0.406012
0.158693
0.114846
0.700423
0.810727
0.957880
0.412937
0.633869
0.667557
0.321206
0.168676
0.266923
0.831002
0.020054
0.819046
0.860902
0.883379
0.319438
0.787015
0.719945
0.317373
0.094363
0.646441
0.455192
0.750258
0.572579
0.999435
0.064251
0.804842
0.916002
0.012708
0.945748
0.021572
0.484662
0.990059
0.712598
0.648947
0.514683
0.749668
0.041095
0.275331
0.469257
0.018030
0.359427
0.628726
0.794560
0.497484
0.049099
0.080644
0.708539
0.770812
0.913337
0.278922
0.868959
0.193365
0.911765
0.219595
0.879268
0.418838
0.821672
0.001444
0.089968
0.096937
0.360718
0.524768
0.704143
0.566792
0.988742
0.768797
0.885752
0.405472
0.739115
0.764795
0.156764
0.442323
0.951093
0.463642
0.535086
0.142041
0.169519
0.851067
0.461895
0.027218
0.028912
0.598833
0.868951
0.348319
0.974812
0.448353
0.689938
0.419115
0.822074
0.331248
0.593119
0.681103
0.580500
0.850381
0.745520
0.513541
0.662478
0.320380
0.473525
0.297797
0.541837
0.728494
0.894817
0.116630
0.471271
0.089163
0.017824
0.420946
0.847926
0.077336
0.664713
0.838062
0.900186
0.119638
0.521862
0.195578
0.257554
0.366080
0.979119
0.571844
0.660656
0.960062
0.428918
0.395453
0.117768
0.557029
0.773756
0.049251
0.562527
0.132714
0.872415
0.195498
0.906252
0.275499
0.050426
0.843800
0.996097
0.613148
0.039390
0.607551
0.622350
0.005707
0.395289
0.322347
0.396885
0.101783
0.602380
0.275179
0.129133
0.746959
0.392862
0.369449
0.631938
0.227705
0.921468
0.140748
0.620165
0.092758
0.118459
0.263839
0.239659
0.212240
0.016110
0.033995
0.549709
0.192514
0.986511
0.856422
0.042039
0.376290
0.447921
0.486304
0.623848
0.521364
0.670663
0.188419
0.828848
0.200648
0.241000
0.048468
0.802589
0.818183
0.593800
0.896313
0.587761
0.442411
0.795442
0.082129
0.709262
0.955172
0.612111
0.177003
0.122545
0.073354
0.422545
0.406203
0.383602
0.874504
0.987038
0.732082
0.863351
0.537533
0.646827
0.309511
0.948661
0.068308
0.552417
0.974412
0.228831
0.025600
0.780313
0.289425
0.489254
0.387849
0.141368
0.863168
0.049198
0.132259
0.478657
0.443761
0.260923
0.246088
0.838448
0.035308
0.302517
0.400978
0.036519
0.729255
0.263460
0.524867
0.467317
0.421893
0.753438
0.866523
0.071208
0.304868
0.221784
0.713779
0.912639
0.276978
0.014221
0.781076
0.978957
0.901772
0.119542
0.992387
0.407178
0.504774
0.072363
0.253644
0.127317
0.604264
0.627079
0.120724
0.791001
0.347559
0.447234
0.545154
0.169973
0.586998
0.055446
0.125122
0.969454
0.892312
0.850118
0.243088
0.136910
0.233785
0.851937
0.857214
0.360038
0.468300
0.527655
0.489696
0.063222
0.661864
0.130154
0.563527
0.025548
0.840873
0.368137
0.856771
0.873910
0.992925
0.298902
0.631417
0.441790
0.158452
0.343254
0.347678
0.039921
0.748276
0.519261
0.674144
0.442963
0.880237
0.944802
0.363754
0.162257
0.500482
0.477953
0.083729
0.826220
0.401382
0.956542
0.297407
0.126310
0.387360
0.817681
0.114789
0.379189
0.800425
0.175790
0.708181
0.797749
0.286681
0.511391
0.465878
0.720174
0.060503
0.567509
0.800757
0.404047
0.360987
0.507454
0.196916
0.310528
0.261384
0.795568
0.155284
0.762422
0.311873
0.106557
0.662135
0.312115
0.603619
0.131499
0.360662
0.375256
0.031671
0.758621
0.947507
0.620051
0.709129
0.390517
0.370316
0.118190
0.407900
0.289360
0.079969
0.401863
0.444266
0.787696
0.037703
0.793941
0.821929
0.981138
0.022824
0.818927
0.531945
0.444149
0.395255
0.216468
0.388229
0.441565
0.187489
0.294562
0.458658
0.703686
0.815628
0.725496
0.204199
0.795797
0.876384
0.725323
0.640220
0.444877
0.238105
0.110488
0.822931
0.434836
0.725022
0.408076
0.486824
0.191563
0.155658
0.846009
0.822421
0.342115
0.833474
0.175110
0.903530
0.036827
0.039665
0.307034
0.724621
0.904478
0.868168
0.293054
0.876527
0.201051
0.329421
0.243104
0.616347
0.091182
0.974580
0.088584
0.128549
0.444137
0.032585
0.244316
0.641436
0.955861
0.869676
0.014866
0.378567
0.545107
0.370346
0.230025
0.069711
0.581402
0.980047
0.967429
0.511388
0.649230
0.757570
0.132688
0.903148
0.846493
0.957483
0.096635
0.952055
0.463478
0.733381
0.934676
0.953316
0.745134
0.338331
0.146123
0.747950
0.055524
0.251561
0.044947
0.016511
0.436702
0.516261
0.472592
0.288251
0.379677
0.002859
0.675352
0.184161
0.744169
0.570181
0.372034
0.235908
0.615038
0.172752
0.392923
0.455937
0.451911
0.829818
0.150953
0.111569
0.956846
0.238371
0.384869
0.671681
0.482032
0.371093
0.538399
0.051878
0.651384
0.077280
0.177077
0.345580
0.849461
0.911697
0.535557
0.566332
0.807984
0.798477
0.594808
0.272213
0.211077
0.824386
0.644416
0.637405
0.858591
0.312420
0.645826
0.778940
0.832956
0.201305
0.605471
0.247875
0.465992
0.732110
0.741606
0.222753
0.902322
0.087230
0.306672
0.377336
0.206246
0.241156
0.251321
0.772073
0.307103
0.152938
0.401790
0.686592
0.469019
0.077511
0.806195
0.675140
0.296030
0.201992
0.396112
0.504185
0.731411
0.762941
0.038387
0.096496
0.816002
0.995025
0.520837
0.343517
0.666575
0.658538
0.548927
0.201713
0.800966
0.935219
0.624784
0.012081
0.447792
0.345512
0.853351
0.487889
0.257879
0.186941
0.562998
0.426035
0.101869
0.218191
0.851483
0.393576
0.660328
0.796623
0.156563
0.513889
0.852621
0.032599
0.009473
0.976683
0.919199
0.350745
0.736402
0.082316
0.075858
0.979209
0.927503
0.922535
0.052302
0.640396
0.566091
0.225109
0.761732
0.142359
0.295701
0.336632
0.621161
0.705163
0.064662
0.783070
0.248453
0.971566
0.413647
0.687824
0.043224
0.501208
0.720129
0.508125
0.453279
0.621396
0.465462
0.897453
0.021514
0.279184
0.897905
0.949200
0.882384
0.716721
0.602802
0.918690
0.561305
0.567230
0.405561
0.660426
0.350592
0.269203
0.592221
0.217640
0.364684
0.432596
0.676298
0.133978
0.585150
0.108458
0.331166
0.353954
0.808896
0.442520
0.778260
0.880372
0.724611
0.297869
0.928518
0.363540
0.223171
0.460811
0.145303
0.318302
0.154567
0.580171
0.280913
0.869625
0.781258
0.101129
0.957024
0.594098
0.146396
0.941892
0.155193
0.790782
0.023187
0.311329
0.471867
0.127654
0.383343
0.898425
0.710173
0.175672
0.809813
0.185248
0.336827
0.577173
0.670154
0.082953
0.157541
0.074157
0.397502
0.689172
0.960769
0.029346
0.928184
0.172645
0.872028
0.453032
0.297828
0.549774
0.445575
0.554577
0.977270
0.104482
0.715095
0.982044
0.658471
0.078644
0.320350
0.818635
0.598866
0.920773
0.634264
0.051976
0.066522
0.205597
0.418604
0.212609
0.961806
0.440864
0.741762
0.641470
0.934204
0.458753
0.676835
0.952319
0.672775
0.280738
0.061576
0.622889
0.979548
0.063990
0.415137
0.806318
0.487935
0.536139
0.963034
0.789900
0.760856
0.739641
0.786470
0.538403
0.090356
0.707585
0.971962
0.300595
0.763827
0.134422
0.550908
0.796045
0.299780
0.177019
0.166993
0.359856
0.173997
0.197369
0.144698
0.040413
0.636952
0.746104
0.729017
0.813291
0.194703
0.078144
0.171183
0.196670
0.314122
0.415081
0.415821
0.892453
0.592043
0.434394
0.941579
0.004980
0.466512
0.718798
0.781841
0.637204
0.063382
0.269897
0.538395
0.573169
0.776462
0.542985
0.854542
0.525941
0.034697
0.643087
0.062685
0.371257
0.572609
0.419044
0.714293
0.568054
0.594630
0.770076
0.258605
0.866052
0.010881
0.839536
0.003712
0.555365
0.469391
0.199639
0.584691
0.170793
0.062265
0.149289
0.815297
0.330422
0.232692
0.859705
0.021016
0.480306
0.744186
0.048463
0.672775
0.809415
0.328684
0.865682
0.464862
0.676427
0.338040
0.694113
0.431929
0.096110
0.963413
0.040557
0.474751
0.321407
0.234806
0.805741
0.880803
0.340571
0.491588
0.124996
0.373682
0.308828
0.543845
0.068017
0.616989
0.032596
0.590512
0.652768
0.317124
0.712016
0.686900
0.480299
0.421341
0.174639
0.271790
0.432618
0.869814
0.859239
0.879968
0.127771
0.832797
0.252672
0.633995
0.512288
0.917608
0.372941
0.680157
0.142972
0.958078
0.115764
0.205741
0.403718
0.366639
0.837060
0.642762
0.389174
0.722919
0.786357
0.768662
0.220508
0.051737
0.901967
0.595748
0.628525
0.788052
0.853021
0.683580
0.219569
0.589569
0.000819
0.094474
0.638056
0.213535
0.446188
0.970689
0.048420
0.569146
0.434138
0.268898
0.905601
0.659120
0.864671
0.715861
0.777972
0.473368
0.381169
0.518687
0.175382
0.456189
0.706967
0.790240
0.547633
0.069967
0.417098
0.348558
0.219438
0.278412
0.866181
0.379049
0.365462
0.698690
0.354461
0.066833
0.786292
0.373618
0.971076
0.418097
0.290611
0.913819
0.685066
0.094632
0.722189
0.398470
0.798104
0.732762
0.878654
0.317060
0.575532
0.251251
0.772918
0.820394
0.840440
0.464248
0.392459
0.135588
0.265059
0.593233
0.555704
0.617815
0.599896
0.251717
0.872061
0.163512
0.828259
0.190262
0.640831
0.620089
0.266236
0.616437
0.716611
0.092223
0.598948
0.620448
0.601604
0.282646
0.265796
0.065362
0.959734
0.006106
0.102504
0.960731
0.278962
0.990685
0.697448
0.596616
0.916762
0.914778
0.114931
0.635051
0.363497
0.126388
0.928824
0.548141
0.348072
0.631540
0.456027
0.663567
0.722821
0.119948
0.599348
0.083278
0.717382
0.089903
0.332036
0.630673
0.696179
0.533822
0.969020
0.053393
0.527130
0.316078
0.469968
0.057662
0.840891
0.902482
0.963009
0.517645
0.085165
0.745007
0.931230
0.827864
0.346665
0.566498
0.392010
0.833820
0.397788
0.381008
0.356493
0.867701
0.534006
0.100190
0.676944
0.961672
0.193747
0.461324
0.476743
0.436531
0.521891
0.136159
0.973980
0.441516
0.362113
0.781859
0.027182
0.121343
0.287589
0.437846
0.881951
0.425840
0.334047
0.689081
0.721188
0.969220
0.947933
0.962906
0.919175
0.150517
0.154260
0.930584
0.680783
0.121223
0.166562
0.395510
0.680274
0.334704
0.172568
0.089000
0.678075
0.835705
0.135582
0.204791
0.025994
0.194841
0.439252
0.199935
0.718891
0.907252
0.592801
0.709504
0.820163
0.048166
0.009995
0.374349
0.895322
0.199368
0.817132
0.895592
0.607787
0.864984
0.457000
0.809243
0.048177
0.314675
0.494959
0.843654
0.226936
0.606442
0.942460
0.477766
0.613335
0.325809
0.769202
0.577468
0.664451
0.755855
0.238876
0.040834
0.077734
0.983370
0.670510
0.942535
0.501625
0.116694
0.077777
0.117060
0.741279
0.904191
0.486463
0.765219
0.050907
0.709091
0.174219
0.986283
0.970156
0.923846
0.449857
0.028429
0.758307
0.449291
0.209034
0.084225
0.835107
0.071761
0.421088
0.128863
0.638556
0.242756
0.954081
0.271735
0.954925
0.495409
0.002346
0.453708
0.421218
0.161668
0.597851
0.831877
0.510962
0.122031
0.752789
0.531267
0.715822
0.511361
0.169591
0.461512
0.762718
0.901966
0.874031
0.870376
0.852735
0.817761
0.769670
0.181333
0.977530
0.127075
0.904272
0.307523
0.123848
0.089194
0.092255
0.089220
0.489212
0.560944
0.597033
0.228477
0.933319
0.120969
0.473407
0.226552
0.620943
0.954427
0.266961
0.422816
0.873462
0.119918
0.413550
0.515578
0.446988
0.950781
0.460333
0.565091
0.964528
0.528633
0.207822
0.758156
0.825840
0.409039
0.851828
0.395482
0.239503
0.625414
0.971149
0.062188
0.814130
0.792458
0.781857
0.595636
0.516172
0.265985
0.966937
0.781752
0.466149
0.480758
0.830177
0.121986
0.578588
0.016832
0.739123
0.120463
0.138103
0.670556
0.271676
0.369203
0.088720
0.907539
0.106858
0.954771
0.749211
0.927817
0.179233
0.990534
0.366426
0.100814
0.609466
0.184929
0.003520
0.449285
0.326177
0.499625
0.712045
0.943897
0.486337
0.016043
0.346833
0.676786
0.897361
0.920038
0.200771
0.123876
0.742283
0.010132
0.422374
0.088972
0.343055
0.734017
0.851609
0.001938
0.283423
0.532330
0.996855
0.769453
0.503780
0.211157
0.766106
0.647896
0.511988
0.340347
0.755341
0.718466
0.396952
0.870495
0.243165
0.636355
0.140539
0.536030
0.008833
0.837120
0.787593
0.346124
0.006147
0.299689
0.326849
0.911336
0.222741
0.068932
0.865602
0.286798
0.527091
0.860511
0.540341
0.878278
0.357427
0.332770
0.021007
0.124091
0.000272
0.687638
0.849236
0.673344
0.313756
0.624507
0.846318
0.591528
0.803436
0.834579
0.564680
0.371655
0.297098
0.001571
0.101550
0.768697
0.289957
0.028344
0.393901
0.434575
0.652495
0.095275
0.452667
0.159727
0.478768
0.378950
0.439045
0.046729
0.681690
0.320194
0.338164
0.894584
0.651319
0.276264
0.531652
0.374356
0.129501
0.068045
0.331180
0.564517
0.025938
0.230850
0.514794
0.096648
0.422509
0.885418
0.845991
0.469582
0.559862
0.799318
0.175739
0.125210
0.357294
0.940391
0.987931
0.166505
0.527831
0.212165
0.591542
0.333996
0.768477
0.982468
0.764711
0.159278
0.843515
0.893416
0.678324
0.373053
0.758542
0.493422
0.764842
0.372697
0.126207
0.726417
0.732041
0.234139
0.341972
0.813587
0.765269
0.690691
0.270050
0.678882
0.714363
0.174743
0.845454
0.708754
0.555549
0.326611
0.746737
0.252884
0.971897
0.889278
0.113926
0.117280
0.559842
0.121764
0.064995
0.171746
0.980237
0.442187
0.498999
0.685159
0.600672
0.041334
0.721297
0.755807
0.576464
0.447421
0.751798
0.158726
0.379875
0.153408
0.606110
0.572876
0.984496
0.292240
0.306519
0.760344
0.952335
0.237222
0.178658
0.176674
0.747267
0.860505
0.023997
0.321800
0.637050
0.870790
0.790534
0.067899
0.458048
0.211600
0.266365
0.193345
0.447788
0.395973
0.324620
0.427541
0.930284
0.015872
0.194361
0.783197
0.232012
0.550620
0.820699
0.680912
0.161127
0.235923
0.418117
0.012993
0.281959
0.792788
0.982718
0.553355
0.128450
0.575335
0.590275
0.999113
0.225713
0.421119
0.405095
0.974914
0.114408
0.592387
0.207002
0.887926
0.518788
0.518339
0.016573
0.981257
0.870712
0.096033
0.778036
0.984959
0.838202
0.511412
0.619987
0.641968
0.531590
0.504904
0.641097
0.123621
0.131194
0.752262
0.504999
0.024827
0.739977
0.257313
0.029045
0.618568
0.989718
0.977054
0.928172
0.276023
0.980802
0.111218
0.549911
0.141901
0.409500
0.799896
0.790940
0.061240
0.612311
0.267842
0.010425
0.447375
0.848922
0.538410
0.100879
0.871396
0.552176
0.691092
0.502942
0.048395
0.828182
0.653984
0.775346
0.049305
0.009723
0.777182
0.883661
0.730030
0.103114
0.918608
0.038897
0.839861
0.058924
0.654815
0.196796
0.143426
0.710769
0.093058
0.077080
0.306355
0.218872
0.866027
0.244856
0.692914
0.915277
0.417786
0.739025
0.589332
0.549272
0.991241
0.369472
0.481777
0.282739
0.578225
0.929939
0.711954
0.078061
0.939350
0.590186
0.232036
0.782797
0.010341
0.901946
0.957084
0.656586
0.124581
0.550399
0.836824
0.952274
0.460068
0.937896
0.756391
0.584834
0.596647
0.240168
0.540762
0.762694
0.601920
0.927606
0.040516
0.565038
0.379163
0.204819
0.674491
0.908684
0.257389
0.059651
0.101935
0.726544
0.803519
0.906315
0.393862
0.778221
0.332845
0.294209
0.218385
0.618156
0.501391
0.081120
0.992501
0.378378
0.019514
0.443580
0.574808
0.186226
0.938801
0.333778
0.068338
0.971657
0.064715
0.566901
0.405516
0.847604
0.938096
0.819690
0.130392
0.128204
0.033863
0.984189
0.755858
0.826111
0.541460
0.703582
0.131491
0.318153
0.436888
0.532256
0.833925
0.949526
0.820537
0.131919
0.905767
0.056007
0.390523
0.721147
0.587890
0.101146
0.831482
0.728023
0.576719
0.965468
0.129568
0.204643
0.903356
0.485812
0.853225
0.107907
0.682241
0.958253
0.165532
0.452015
0.667635
0.804835
0.328956
0.622849
0.037489
0.014442
0.220216
0.700577
0.894165
0.337615
0.556830
0.461499
0.224565
0.814558
0.234594
0.179743
0.140308
0.799772
0.145596
0.389793
0.059971
0.705042
0.770001
0.227146
0.585557
0.688478
0.564362
0.771230
0.446384
0.178972
0.978947
0.266045
0.364747
0.635194
0.772892
0.093072
0.664791
0.222836
0.027010
0.680601
0.072108
0.064398
0.919856
0.025769
0.406106
0.517846
0.395096
0.411739
0.767081
0.203898
0.441133
0.063435
0.678382
0.590731
0.882944
0.601218
0.321577
0.208190
0.578783
0.032464
0.156343
0.584152
0.370144
0.835137
0.550911
0.840877
0.373505
0.213352
0.564389
0.360819
0.469999
0.480502
0.266943
0.815473
0.559391
0.497586
0.302406
0.168073
0.134419
0.269605
0.181958
0.516006
0.509493
0.896948
0.735608
0.071180
0.034677
0.666857
0.475662
0.409641
0.444219
0.836842
0.375306
0.813722
0.153133
0.651350
0.815160
0.023124
0.521793
0.998264
0.576925
0.682480
0.475225
0.365784
0.689098
0.883152
0.180971
0.024787
0.374740
0.341835
0.968785
0.618564
0.082186
0.317869
0.200971
0.181450
0.659719
0.459214
0.179427
0.480727
0.775101
0.482483
0.382004
0.041692
0.087532
0.268268
0.756027
0.192993
0.907319
0.406588
0.532071
0.486472
0.878198
0.010424
0.049475
0.290645
0.886701
0.264089
0.571617
0.726492
0.036989
0.458158
0.600709
0.265032
0.269704
0.438686
0.037399
0.703935
0.488153
0.454760
0.850624
0.210411
0.869888
0.298721
0.080381
0.094385
0.168653
0.605583
0.764835
0.753451
0.079900
0.904740
0.209699
0.212617
0.278566
0.924699
0.270360
0.130126
0.213442
0.151435
0.535719
0.427693
0.627903
0.378564
0.449123
0.560828
0.588732
0.092742
0.109941
0.213301
0.356580
0.874791
0.324805
0.079451
0.083789
0.414639
0.147960
0.698564
0.234890
0.319256
0.814917
0.695794
0.996391
0.204794
0.453946
0.542500
0.276264
0.908762
0.999053
0.213040
0.237845
0.321528
0.241075
0.132125
0.512265
0.839170
0.277151
0.183181
0.179765
0.786611
0.762046
0.499673
0.491669
0.090315
0.258188
0.363170
0.856819
0.717247
0.727335
0.968658
0.371169
0.899277
0.330084
0.633166
0.705961
0.372174
0.396030
0.371528
0.364624
0.952483
0.815681
0.655678
0.593948
0.915114
0.475084
0.733418
0.810963
0.214818
0.417542
0.590505
0.549985
0.495877
0.557558
0.586992
0.207758
0.670379
0.295889
0.935266
0.379121
0.215272
0.768863
0.572666
0.238149
0.074691
0.609360
0.034953
0.184565
0.474504
0.572299
0.686459
0.093200
0.112165
0.677380
0.996305
0.773381
0.113091
0.311101
0.464526
0.259970
0.115235
0.095764
0.653960
0.960062
0.611395
0.033979
0.538898
0.407439
0.733118
0.153800
0.865198
0.916251
0.474672
0.464585
0.363240
0.058149
0.638270
0.761401
0.758739
0.942458
0.725130
0.632579
0.490417
0.382804
0.527606
0.798999
0.630428
0.358865
0.206799
0.684939
0.585444
0.698228
0.313226
0.350743
0.964799
0.627378
0.155082
0.740894
0.377885
0.086039
0.503831
0.673130
0.566350
0.325875
0.198683
0.342317
0.997030
0.979993
0.353218
0.986569
0.008038
0.198116
0.646181
0.083671
0.591191
0.594440
0.396190
0.256462
0.546853
0.199097
0.562830
0.381540
0.809203
0.684437
0.504896
0.053270
0.317487
0.245645
0.765237
0.063547
0.617745
0.340016
0.580082
0.347590
0.994969
0.265865
0.452400
0.519891
0.042326
0.322745
0.441918
0.706662
0.215806
0.118559
0.751152
0.568007
0.752816
0.852156
0.404011
0.812793
0.864517
0.025063
0.982371
0.931789
0.966142
0.742754
0.401906
0.522059
0.868609
0.320938
0.951391
0.331575
0.909286
0.379257
0.403841
0.823242
0.399897
0.593807
0.031884
0.619553
0.074971
0.198367
0.156696
0.042300
0.353739
0.626087
0.247022
0.177465
0.710437
0.119791
0.114022
0.466783
0.670105
0.007739
0.955081
0.919492
0.406470
0.737394
0.655760
0.237460
0.471555
0.824128
0.118696
0.712900
0.299337
0.043280
0.440654
0.871005
0.123076
0.457911
0.477806
0.842516
0.262560
0.013270
0.932621
0.137966
0.167351
0.271413
0.255902
0.302333
0.548450
0.531635
0.811221
0.224328
0.656446
0.757212
0.307498
0.198510
0.641102
0.876143
0.114118
0.152829
0.686987
0.659722
0.861834
0.392772
0.603031
0.321350
0.565840
0.331811
0.950830
0.579331
0.233620
0.703673
0.936921
0.348779
0.622347
0.834711
0.836829
0.673214
0.056220
0.515438
0.941929
0.476993
0.304868
0.592415
0.061695
0.263197
0.745978
0.520048
0.720779
0.842770
0.909150
0.103558
0.969090
0.451114
0.028466
0.537976
0.389370
0.376491
0.157721
0.534426
0.515945
0.225887
0.448263
0.926463
0.654874
0.720502
0.312966
0.190501
0.563673
0.024078
0.843430
0.991426
0.761329
0.938653
0.187730
0.295767
0.409289
0.276964
0.794164
0.070097
0.853473
0.558354
0.877910
0.813757
0.527599
0.142238
0.052209
0.546190
0.080072
0.573415
0.397891
0.685917
0.250508
0.377199
0.923395
0.997894
0.247270
0.716605
0.224910
0.348236
0.583120
0.162862
0.510251
0.961197
0.540474
0.585268
0.052358
0.716144
0.548689
0.634677
0.624984
0.417039
0.760061
0.071505
0.814751
0.000592
0.365612
0.915627
0.055146
0.080499
0.661698
0.010346
0.278502
0.734787
0.389546
0.581220
0.705161
0.883722
0.356321
0.014992
0.192875
0.251413
0.102341
0.713454
0.946449
0.701501
0.307828
0.117633
0.164401
0.554296
0.496902
0.022128
0.287189
0.369401
0.268298
0.077506
0.055766
0.076285
0.993185
0.926882
0.219862
0.389066
0.511062
0.054762
0.816594
0.206752
0.525436
0.002181
0.820493
0.403788
0.961197
0.779394
0.228781
0.707450
0.664428
0.789948
0.358135
0.559686
0.281040
0.368879
0.092942
0.214581
0.580787
0.680887
0.826411
0.243773
0.645056
0.566348
0.895260
0.947761
0.316699
0.355543
0.931018
0.409963
0.833920
0.383032
0.975449
0.513189
0.213102
0.159941
0.657934
0.767509
0.391915
0.934364
0.666759
0.298670
0.438157
0.768212
0.106609
0.513605
0.924778
0.658564
0.797872
0.412232
0.380136
0.555854
0.800758
0.042873
0.166852
0.099681
0.334256
0.413959
0.204022
0.272366
0.186452
0.161154
0.216941
0.023969
0.792979
0.232232
0.125984
0.860741
0.493003
0.769525
0.331505
0.819174
0.390170
0.640934
0.933533
0.623876
0.566719
0.766679
0.871839
0.900681
0.674290
0.503282
0.971542
0.384216
0.690942
0.043779
0.428654
0.216664
0.661032
0.660798
0.225442
0.823015
0.777815
0.915633
0.792964
0.906280
0.217145
0.862523
0.262801
0.819369
0.658082
0.145508
0.306461
0.720623
0.640661
0.489934
0.643119
0.336720
0.504769
0.878114
0.207547
0.965558
0.053944
0.037147
0.973047
0.225812
0.704936
0.296306
0.890973
0.468729
0.363684
0.353795
0.070385
0.228145
0.740732
0.661725
0.519526
0.409934
0.148406
0.549622
0.705087
0.472724
0.856842
0.588116
0.165464
0.784753
0.909243
0.195144
0.109141
0.861465
0.475944
0.928277
0.617419
0.795680
0.663688
0.031864
0.889568
0.934907
0.477159
0.531550
0.165228
0.583241
0.874730
0.828344
0.139913
0.099907
0.574501
0.348533
0.070679
0.421423
0.189203
0.285077
0.425508
0.484791
0.123194
0.923117
0.046398
0.807460
0.409408
0.001424
0.916381
0.164978
0.741273
0.219225
0.898130
0.775402
0.540988
0.471983
0.259108
0.073368
0.162199
0.980579
0.537402
0.256075
0.647735
0.877647
0.815006
0.574849
0.731317
0.416553
0.842088
0.392937
0.600466
0.078145
0.646964
0.443027
0.924778
0.945654
0.331639
0.404028
0.632272
0.698280
0.110843
0.829877
0.204122
0.010394
0.331744
0.854583
0.906440
0.529122
0.099748
0.765247
0.423061
0.603285
0.229971
0.073091
0.065975
0.638307
0.900621
0.763224
0.875036
0.113435
0.569410
0.905446
0.965163
0.600166
0.252472
0.246139
0.910974
0.416685
0.091629
0.057553
0.483755
0.116785
0.544210
0.724545
0.866219
0.789444
0.423234
0.926113
0.493338
0.005170
0.157417
0.992771
0.813952
0.227395
0.902119
0.060520
0.683126
0.073572
0.745537
0.014712
0.409460
0.094909
0.059949
0.235684
0.058874
0.801605
0.745826
0.683285
0.805454
0.719557
0.516730
0.546287
0.503786
0.974149
0.644074
0.239549
0.303208
0.578255
0.501283
0.957357
0.834261
0.498150
0.454448
0.833739
0.057592
0.097629
0.888232
0.364256
0.295991
0.554238
0.537975
0.500537
0.776159
0.810859
0.537597
0.427044
0.427394
0.001738
0.263042
0.704669
0.943259
0.676758
0.837360
0.249876
0.667541
0.565954
0.109953
0.590467
0.659737
0.774085
0.682362
0.375495
0.004694
0.790740
0.638912
0.140324
0.717058
0.335027
0.674676
0.558051
0.349251
0.037204
0.277007
0.612002
0.021824
0.176557
0.101058
0.364373
0.171373
0.951002
0.134586
0.883549
0.952410
0.026809
0.232408
0.834514
0.268717
0.806036
0.035081
0.687121
0.664074
0.025882
0.698096
0.206779
0.323682
0.961450
0.634730
0.159283
0.762162
0.806419
0.114851
0.080616
0.172255
0.341690
0.919743
0.675418
0.135152
0.029057
0.795350
0.352677
0.437986
0.365997
0.498376
0.569646
0.080049
0.061320
0.225935
0.817000
0.384829
0.114031
0.953994
0.069212
0.162259
0.645755
0.085902
0.469689
0.511515
0.718449
0.092577
0.593570
0.530356
0.904061
0.882535
0.301638
0.547833
0.023110
0.204291
0.483450
0.653258
0.868738
0.796585
0.699738
0.119630
0.437149
0.463573
0.233964
0.663111
0.922203
0.072149
0.507696
0.424548
0.650569
0.315878
0.408367
0.671781
0.055592
0.242919
0.321997
0.804444
0.456058
0.141557
0.605359
0.582171
0.735422
0.663498
0.716689
0.113147
0.344593
0.648515
0.142865
0.037623
0.386010
0.210040
0.802623
0.259656
0.809020
0.325149
0.505017
0.243527
0.059034
0.628672
0.832402
0.257060
0.400139
0.883716
0.076592
0.454795
0.768850
0.843209
0.461735
0.526424
0.533891
0.941660
0.260470
0.951187
0.223133
0.585406
0.771048
0.092570
0.846169
0.224561
0.738682
0.319569
0.273171
0.981500
0.238112
0.665133
0.533289
0.329239
0.396453
0.827963
0.346583
0.218074
0.533124
0.423464
0.601587
0.559206
0.281125
0.610857
0.407484
0.118250
0.282077
0.617897
0.278657
0.537009
0.914203
0.288532
0.615081
0.386003
0.812436
0.862597
0.011612
0.209166
0.314737
0.515270
0.821422
0.421885
0.357031
0.226641
0.494372
0.489270
0.226096
0.792082
0.362487
0.977700
0.247764
0.930199
0.026298
0.133463
0.265702
0.689205
0.254048
0.500696
0.280118
0.621600
0.208615
0.509876
0.038581
0.401917
0.904675
0.819577
0.672641
0.848785
0.532931
0.709754
0.670646
0.310293
0.803039
0.845163
0.882479
0.445093
0.807715
0.952874
0.726390
0.929344
0.325089
0.197777
0.968700
0.124498
0.604007
0.463501
0.078225
0.320563
0.838937
0.131435
0.219565
0.625401
0.980692
0.935492
0.990990
0.689196
0.661253
0.801699
0.378069
0.254732
0.672524
0.366309
0.475179
0.513663
0.138704
0.819536
0.011981
0.665597
0.690726
0.419585
0.846242
0.144333
0.191429
0.147794
0.380284
0.151884
0.896290
0.574499
0.404840
0.368474
0.062799
0.729914
0.547330
0.662179
0.560245
0.137624
0.224238
0.966462
0.770658
0.792255
0.489181
0.123074
0.222987
0.729030
0.196041
0.781472
0.849985
0.531912
0.523526
0.518339
0.306382
0.109312
0.744285
0.290621
0.415393
0.891172
0.575241
0.495681
0.917692
0.187847
0.970418
0.100172
0.354095
0.327755
0.564036
0.066720
0.113492
0.744948
0.438009
0.190673
0.585957
0.916752
0.568854
0.228528
0.564578
0.811765
0.346054
0.110009
0.796977
0.765660
0.385533
0.066502
0.079475
0.781597
0.473536
0.653154
0.866017
0.588210
0.649975
0.098574
0.804525
0.174970
0.005444
0.876982
0.361819
0.365644
0.848421
0.289656
0.122593
0.548193
0.171732
0.576809
0.988331
0.325902
0.279636
0.302953
0.320337
0.321233
0.545750
0.598426
0.701101
0.991642
0.370702
0.161218
0.985529
0.305649
0.857463
0.575179
0.405947
0.787317
0.678784
0.566188
0.831315
0.436941
0.279310
0.864243
0.683367
0.653511
0.435653
0.668425
0.223386
0.658069
0.338848
0.609559
0.858109
0.293500
0.609915
0.092454
0.108866
0.062019
0.902370
0.980934
0.953054
0.072529
0.173787
0.503548
0.312357
0.281169
0.057464
0.729694
0.630057
0.204521
0.566974
0.952701
0.274908
0.709865
0.200018
0.260781
0.127579
0.693979
0.249554
0.655276
0.265781
0.463979
0.202491
0.449541
0.455965
0.552568
0.728987
0.746508
0.894757
0.017355
0.205267
0.428528
0.705922
0.080397
0.533268
0.913494
0.394294
0.209946
0.331742
0.535439
0.264221
0.491260
0.282891
0.628491
0.626231
0.796054
0.480286
0.547890
0.012913
0.869108
0.288719
0.002290
0.096815
0.893506
0.292569
0.234053
0.214271
0.369790
0.971039
0.039126
0.436687
0.605683
0.437716
0.120249
0.753440
0.727606
0.856933
0.306044
0.819066
0.718240
0.485596
0.217405
0.724246
0.490457
0.968844
0.729813
0.649709
0.720976
0.870063
0.257867
0.000801
0.990409
0.066560
0.403441
0.566353
0.472690
0.764258
0.772358
0.438598
0.858226
0.448029
0.922044
0.333162
0.612993
0.105130
0.083973
0.693420
0.910955
0.851358
0.874245
0.607331
0.329945
0.513113
0.011888
0.334950
0.480871
0.430952
0.690503
0.790341
0.315990
0.455446
0.762059
0.964140
0.712145
0.805233
0.093689
0.255457
0.687077
0.697893
0.135490
0.419388
0.028309
0.791481
0.909949
0.165919
0.300953
0.879684
0.806729
0.876321
0.869127
0.655307
0.979312
0.864870
0.290533
0.930266
0.016062
0.709413
0.909735
0.507880
0.355723
0.428428
0.726861
0.024008
0.578454
0.390950
0.307912
0.883493
0.905100
0.427398
0.143559
0.840274
0.640606
0.453770
0.077116
0.523179
0.797731
0.240981
0.190809
0.061345
0.114557
0.638991
0.453410
0.977026
0.247763
0.407429
0.941779
0.299422
0.182095
0.788370
0.113674
0.818493
0.177728
0.481960
0.348051
0.996529
0.698798
0.823190
0.310499
0.038441
0.279999
0.701340
0.032985
0.287374
0.729855
0.277535
0.415927
0.554770
0.209771
0.427380
0.023075
0.355303
0.821884
0.323553
0.011694
0.735449
0.375588
0.858230
0.147268
0.445250
0.955787
0.039766
0.527898
0.388413
0.993664
0.856661
0.682802
0.425135
0.435246
0.830722
0.515034
0.821185
0.741154
0.948662
0.393559
0.608454
0.243793
0.407272
0.936069
0.316276
0.481255
0.593518
0.392998
0.465820
0.650446
0.581453
0.385763
0.705308
0.139450
0.718126
0.268682
0.862044
0.059741
0.318466
0.883689
0.655478
0.885409
0.243685
0.628992
0.557844
0.286537
0.020438
0.845409
0.806399
0.318994
0.911957
0.675021
0.911583
0.589312
0.892654
0.013027
0.013510
0.371527
0.141201
0.561805
0.006470
0.917730
0.462662
0.521854
0.666152
0.114917
0.908419
0.192872
0.812446
0.921073
0.886126
0.894153
0.354114
0.621430
0.764971
0.690770
0.469515
0.323712
0.580540
0.583981
0.055800
0.435852
0.046668
0.103605
0.350567
0.302119
0.978884
0.748853
0.514393
0.109465
0.137320
0.943740
0.226796
0.494953
0.790035
0.194506
0.555271
0.601720
0.286330
0.909703
0.617572
0.243638
0.091211
0.928267
0.778612
0.180679
0.966259
0.615985
0.259204
0.595353
0.859979
0.464566
0.335520
0.747246
0.085390
0.347781
0.573283
0.503727
0.179299
0.952844
0.364188
0.270893
0.543189
0.768867
0.055373
0.534569
0.318827
0.343687
0.124522
0.256053
0.633132
0.140690
0.638556
0.224807
0.209177
0.173202
0.925303
0.858526
0.657752
0.959381
0.313931
0.052359
0.483046
0.128699
0.587389
0.440187
0.824831
0.984775
0.611419
0.752995
0.258122
0.360505
0.429632
0.988022
0.041546
0.421668
0.959272
0.467309
0.181368
0.525205
0.601071
0.929894
0.614932
0.518410
0.449487
0.916755
0.942807
0.784923
0.013651
0.454706
0.102443
0.071583
0.138848
0.492251
0.499124
0.445194
0.154129
0.488521
0.635421
0.267875
0.711616
0.792188
0.623380
0.590798
0.671978
0.990927
0.961198
0.955415
0.119931
0.768754
0.116882
0.974395
0.852030
0.217361
0.216112
0.816695
0.701763
0.232295
0.082703
0.527081
0.886246
0.043320
0.052095
0.013860
0.253814
0.023006
0.067592
0.192964
0.258444
0.365300
0.193580
0.694514
0.608028
0.687569
0.629973
0.341664
0.548940
0.981047
0.799335
0.282325
0.425437
0.995436
0.986480
0.783093
0.553007
0.208101
0.145428
0.731609
0.179843
0.095239
0.827932
0.398173
0.787702
0.824843
0.130879
0.898674
0.656379
0.546430
0.177889
0.607141
0.236023
0.712182
0.936649
0.875136
0.736275
0.864532
0.292900
0.323834
0.545546
0.836724
0.841491
0.539497
0.779212
0.590471
0.073297
0.689885
0.860565
0.947709
0.714762
0.713201
0.548413
0.235284
0.266834
0.746996
0.022466
0.560188
0.066662
0.156002
0.351170
0.761054
0.904732
0.288466
0.022453
0.465872
0.740468
0.202846
0.888810
0.537249
0.910643
0.432913
0.333902
0.150769
0.379168
0.130627
0.225102
0.958724
0.667788
0.983647
0.088576
0.105175
0.690532
0.348049
0.290947
0.127441
0.517978
0.376371
0.991530
0.086777
0.269961
0.225449
0.445688
0.184565
0.698489
0.975962
0.394023
0.941581
0.319613
0.823834
0.811688
0.032868
0.098704
0.659756
0.061853
0.600061
0.025112
0.943511
0.388874
0.311505
0.438182
0.020354
0.888493
0.347369
0.617761
0.792573
0.339691
0.575985
0.031285
0.135159
0.108048
0.416663
0.260544
0.174133
0.312507
0.695766
0.210714
0.682895
0.462455
0.373528
0.850295
0.408588
0.242750
0.510225
0.733299
0.239112
0.270555
0.647176
0.626244
0.243322
0.736125
0.780799
0.086089
0.853181
0.433524
0.920552
0.116795
0.757138
0.897036
0.442939
0.549294
0.498545
0.091862
0.916674
0.441697
0.740359
0.317884
0.096072
0.154830
0.696004
0.923525
0.412464
0.315905
0.223885
0.891198
0.573099
0.305213
0.536562
0.940959
0.074048
0.274252
0.741671
0.146586
0.303020
0.787269
0.475878
0.106710
0.938919
0.652685
0.540936
0.948307
0.021096
0.228599
0.636621
0.142937
0.070586
0.722135
0.303068
0.616770
0.190533
0.701976
0.938028
0.559597
0.080233
0.075224
0.005559
0.858591
0.277993
0.183806
0.173731
0.169189
0.847660
0.913837
0.341452
0.304844
0.772303
0.917551
0.179430
0.192909
0.880174
0.277222
0.617649
0.965957
0.551560
0.421429
0.471232
0.493692
0.323334
0.485582
0.277075
0.514228
0.888388
0.912002
0.193496
0.496061
0.681364
0.153285
0.132061
0.001239
0.036446
0.291175
0.891781
0.970834
0.817771
0.048614
0.057463
0.407462
0.963326
0.563911
0.521996
0.074693
0.788137
0.843624
0.271890
0.305167
0.385829
0.617392
0.221114
0.840251
0.507250
0.407997
0.434077
0.893265
0.823154
0.699631
0.697815
0.711683
0.171690
0.754895
0.598790
0.734007
0.911880
0.686476
0.653191
0.714149
0.746667
0.044671
0.612814
0.686507
0.723661
0.320708
0.412134
0.432145
0.682380
0.193890
0.786434
0.790850
0.292403
0.045374
0.935313
0.152585
0.350334
0.622462
0.649453
0.209058
0.992241
0.835767
0.589630
0.302850
0.484003
0.500805
0.293206
0.775520
0.810972
0.560400
0.481809
0.682154
0.170948
0.531783
0.211111
0.249489
0.935658
0.871071
0.805297
0.946561
0.674900
0.818796
0.680217
0.996062
0.407928
0.435591
0.514880
0.363578
0.566553
0.731726
0.574840
0.549595
0.916104
0.483967
0.726465
0.001733
0.310738
0.886547
0.070735
0.334785
0.069566
0.139806
0.541197
0.263646
0.595346
0.402283
0.984423
0.735699
0.747859
0.853450
0.513625
0.008065
0.293811
0.490563
0.497133
0.711824
0.332866
0.441803
0.722852
0.436982
0.028177
0.168400
0.736490
0.262720
0.816923
0.772059
0.363650
0.448351
0.843689
0.463919
0.131440
0.239203
0.933106
0.002507
0.951245
0.273112
0.518572
0.907590
0.617033
0.288959
0.575946
0.513315
0.629003
0.927125
0.514084
0.368166
0.645594
0.108341
0.871699
0.223678
0.682511
0.314289
0.520141
0.402820
0.559413
0.649584
0.316813
0.898932
0.196528
0.716539
0.970754
0.245131
0.197485
0.504004
0.431608
0.302219
0.843075
0.899555
0.791197
0.352393
0.644967
0.346774
0.373216
0.640017
0.059414
0.149974
0.995303
0.075312
0.788887
0.087639
0.917666
0.689318
0.363928
0.240505
0.576442
0.498547
0.817291
0.224500
0.155567
0.276468
0.265938
0.593824
0.429714
0.829605
0.991374
0.843080
0.149162
0.403662
0.152225
0.784219
0.805561
0.886485
0.931305
0.745896
0.670590
0.288804
0.678560
0.977944
0.026462
0.251064
0.286303
0.327594
0.982027
0.897934
0.558785
0.968834
0.898563
0.515547
0.008187
0.041209
0.427933
0.206634
0.226987
0.115213
0.419046
0.753430
0.514975
0.621219
0.387962
0.427812
0.650107
0.727225
0.017719
0.894267
0.817274
0.644284
0.886154
0.787990
0.588777
0.290699
0.677789
0.073130
0.185049
0.517382
0.867862
0.122687
0.843476
0.344262
0.855934
0.261006
0.156023
0.585550
0.840416
0.593736
0.481098
0.850877
0.165755
0.561480
0.629321
0.747758
0.226869
0.207323
0.713760
0.523112
0.301408
0.481896
0.449122
0.759485
0.404231
0.531286
0.997220
0.773381
0.659603
0.253801
0.262944
0.284328
0.988402
0.073677
0.030500
0.766054
0.568415
0.887813
0.537848
0.734531
0.487617
0.191824
0.671341
0.447750
0.950255
0.102176
0.435198
0.011632
0.974509
0.152092
0.333869
0.425281
0.634058
0.562091
0.780771
0.423408
0.923980
0.055282
0.205339
0.147651
0.388198
0.008550
0.621893
0.312154
0.829884
0.781091
0.608118
0.029151
0.070826
0.840700
0.836882
0.281819
0.648099
0.887252
0.041045
0.925027
0.088267
0.544918
0.954506
0.357834
0.516892
0.524984
0.861075
0.739355
0.614824
0.036603
0.752257
0.953508
0.577531
0.902089
0.211628
0.906655
0.758767
0.497286
0.332143
0.150652
0.058946
0.638509
0.668311
0.044480
0.059489
0.650027
0.221341
0.529622
0.099789
0.516397
0.155690
0.223577
0.369755
0.620163
0.612413
0.605279
0.059576
0.627721
0.990563
0.045429
0.314657
0.576332
0.143944
0.840382
0.317650
0.767134
0.427661
0.053874
0.125349
0.238263
0.627324
0.216742
0.774548
0.106362
0.823001
0.938164
0.720817
0.073239
0.849049
0.446987
0.454905
0.718537
0.488086
0.509251
0.454889
0.582166
0.020277
0.106077
0.764352
0.396912
0.484935
0.549246
0.958396
0.499103
0.606524
0.251764
0.074936
0.432113
0.007407
0.345899
0.987809
0.994645
0.150264
0.486953
0.404429
0.575553
0.608566
0.029642
0.141923
0.083966
0.297826
0.894498
0.014421
0.323878
0.366823
0.730109
0.727047
0.394372
0.559359
0.846209
0.780462
0.910258
0.135357
0.062261
0.938904
0.245105
0.366798
0.352930
0.184547
0.983102
0.289827
0.539101
0.885854
0.633732
0.749593
0.381301
0.746086
0.891228
0.878633
0.188693
0.803270
0.208789
0.421656
0.415386
0.642055
0.776744
0.788012
0.927542
0.102836
0.637465
0.265315
0.487609
0.170353
0.302894
0.460993
0.110622
0.663225
0.949975
0.109237
0.943507
0.582460
0.813821
0.854748
0.140212
0.000073
0.458836
0.327122
0.338577
0.652299
0.036702
0.685144
0.071370
0.653346
0.711650
0.132642
0.093043
0.157800
0.093918
0.590302
0.801306
0.299159
0.640079
0.513465
0.851659
0.229958
0.593902
0.646720
0.673058
0.730779
0.615546
0.533323
0.910692
0.271257
0.914055
0.692027
0.160811
0.960015
0.513814
0.236006
0.583037
0.861168
0.477553
0.147718
0.734836
0.265371
0.125936
0.608741
0.974938
0.750975
0.858143
0.493180
0.028462
0.057300
0.332160
0.004847
0.344080
0.703506
0.922974
0.219118
0.047663
0.943583
0.378250
0.086674
0.998872
0.555450
0.943233
0.983989
0.375715
0.359292
0.360266
0.729691
0.582508
0.470702
0.665854
0.811285
0.131104
0.576033
0.634202
0.427271
0.562947
0.912810
0.746782
0.498550
0.836223
0.824048
0.320982
0.553057
0.821239
0.392873
0.697232
0.960755
0.347599
0.648505
0.375174
0.373948
0.395655
0.546335
0.589162
0.001148
0.585281
0.477721
0.827374
0.961634
0.697884
0.557923
0.204581
0.991996
0.979696
0.706267
0.795558
0.124215
0.870080
0.388570
0.095621
0.155599
0.328702
0.389850
0.689825
0.171856
0.397853
0.661451
0.148203
0.562733
0.125696
0.911554
0.707778
0.741532
0.634304
0.436367
0.711916
0.611208
0.381605
0.710487
0.234412
0.035815
0.524047
0.442509
0.172159
0.611432
0.519192
0.364046
0.120716
0.679292
0.543627
0.649198
0.997846
0.188935
0.067571
0.983993
0.019308
0.963576
0.696108
0.332558
0.798952
0.515538
0.627962
0.024193
0.003261
0.538007
0.312581
0.043086
0.772886
0.901353
0.918640
0.204348
0.585902
0.608022
0.422181
0.094965
0.107178
0.019072
0.637694
0.329223
0.994686
0.426818
0.554696
0.382500
0.438165
0.990017
0.406628
0.326825
0.131375
0.308292
0.036179
0.482378
0.341372
0.738152
0.176000
0.841689
0.073593
0.550396
0.127991
0.122553
0.048979
0.413805
0.186210
0.200864
0.239433
0.537922
0.743495
0.189332
0.153258
0.303064
0.882199
0.520387
0.447130
0.892346
0.954165
0.503852
0.962087
0.471856
0.080265
0.138996
0.055939
0.853784
0.068156
0.627427
0.423629
0.445456
0.178329
0.453493
0.172197
0.116198
0.729439
0.952334
0.131979
0.494674
0.287930
0.586658
0.546132
0.091908
0.244358
0.300416
0.864072
0.589258
0.846867
0.143765
0.270376
0.055084
0.195043
0.186448
0.380362
0.787007
0.545844
0.607740
0.720185
0.806281
0.345381
0.806556
0.847762
0.753914
0.270612
0.685651
0.348284
0.411194
0.885289
0.684007
0.213063
0.256087
0.223043
0.150713
0.963792
0.196733
0.192830
0.745557
0.168528
0.828533
0.440210
0.424145
0.985084
0.536099
0.521229
0.411071
0.008574
0.408832
0.579983
0.310181
0.860524
0.021977
0.339183
0.057482
0.677440
0.525536
0.084791
0.935243
0.398857
0.413044
0.467832
0.965198
0.652470
0.651594
0.672151
0.048695
0.142658
0.243923
0.666610
0.570928
0.996100
0.572404
0.531175
0.417833
0.153573
0.212299
0.922685
0.535400
0.941889
0.076054
0.628742
0.093679
0.657208
0.399340
0.395030
0.787851
0.755880
0.950121
0.147130
0.836863
0.918357
0.040659
0.754157
0.331159
0.334332
0.164859
0.286859
0.974309
0.483868
0.944971
0.542384
0.182360
0.062323
0.236900
0.474138
0.407644
0.540796
0.756198
0.157011
0.382844
0.864963
0.100584
0.411720
0.413193
0.591598
0.072193
0.130078
0.540835
0.133912
0.365786
0.405155
0.261115
0.945973
0.969355
0.543430
0.865863
0.306658
0.611632
0.983324
0.537686
0.670551
0.737311
0.676580
0.120708
0.314443
0.354739
0.012807
0.379923
0.622981
0.601462
0.337423
0.350912
0.897003
0.538637
0.280058
0.625694
0.026090
0.903583
0.772129
0.655254
0.908208
0.817773
0.883517
0.145158
0.710607
0.621791
0.590581
0.632643
0.206470
0.555002
0.739708
0.350805
0.671579
0.241076
0.777529
0.481735
0.537216
0.315769
0.063023
0.083594
0.943923
0.834235
0.587150
0.039115
0.971985
0.725123
0.828343
0.741593
0.006698
0.780427
0.939999
0.320235
0.969664
0.855533
0.968745
0.655266
0.973495
0.834687
0.856395
0.374355
0.970106
0.833931
0.397541
0.319939
0.717978
0.266635
0.469037
0.480541
0.618875
0.095703
0.874482
0.171243
0.818930
0.510248
0.260220
0.896389
0.254033
0.671321
0.260426
0.133208
0.788289
0.208939
0.365287
0.524401
0.161938
0.068102
0.822911
0.181428
0.468483
0.701319
0.074009
0.983071
0.328669
0.705068
0.966987
0.645136
0.751994
0.872912
0.045353
0.660514
0.977241
0.473125
0.071342
0.922234
0.886432
0.897707
0.228666
0.388064
0.087944
0.825835
0.009142
0.700260
0.582482
0.710840
0.055553
0.399588
0.350147
0.857751
0.426208
0.663982
0.939961
0.089805
0.131816
0.239313
0.588635
0.097846
0.936021
0.026738
0.848816
0.976489
0.417557
0.246814
0.646002
0.234785
0.071758
0.047855
0.007240
0.145967
0.736133
0.182353
0.984878
0.698835
0.109935
0.992405
0.028193
0.520353
0.398903
0.459097
0.899718
0.951914
0.748421
0.752269
0.278453
0.337159
0.772776
0.320804
0.197621
0.482859
0.083502
0.578914
0.110953
0.011482
0.751340
0.144392
0.521136
0.869171
0.386308
0.078489
0.011465
0.879979
0.317889
0.856378
0.143203
0.849568
0.828391
0.788788
0.884845
0.081969
0.709976
0.230479
0.065392
0.153406
0.549320
0.295333
0.253864
0.619141
0.110134
0.580764
0.595308
0.853524
0.296165
0.950246
0.535271
0.140209
0.296201
0.080537
0.267504
0.248360
0.295335
0.832827
0.793091
0.220526
0.287245
0.621723
0.004492
0.737166
0.041680
0.634637
0.448232
0.849006
0.717345
0.782843
0.790394
0.828917
0.307941
0.664635
0.346378
0.495876
0.459540
0.095729
0.849514
0.321016
0.889513
0.151327
0.352684
0.514634
0.906048
0.391953
0.385584
0.798159
0.405183
0.469108
0.252206
0.730240
0.288385
0.569523
0.344681
0.934718
0.873897
0.834884
0.189036
0.882940
0.492313
0.648702
0.415748
0.635786
0.780790
0.408816
0.175020
0.133260
0.987577
0.482899
0.577432
0.822495
0.932612
0.589403
0.340499
0.088587
0.751198
0.956370
0.938377
0.656518
0.583357
0.618382
0.584889
0.785391
0.415593
0.935081
0.400379
0.206640
0.085319
0.404818
0.114004
0.753523
0.319128
0.640353
0.799754
0.987061
0.688946
0.740479
0.023870
0.700147
0.676702
0.487029
0.652020
0.442605
0.076798
0.810039
0.607420
0.480777
0.721793
0.768688
0.438457
0.320231
0.772574
0.099821
0.420751
0.873470
0.398893
0.882018
0.530341
0.949313
0.715558
0.477768
0.349777
0.239677
0.006594
0.060777
0.347623
0.754838
0.034065
0.355007
0.965933
0.441316
0.106583
0.836838
0.193544
0.848258
0.388290
0.445821
0.351213
0.388575
0.022618
0.661644
0.395180
0.279912
0.183723
0.718044
0.308136
0.316545
0.356095
0.305952
0.912088
0.495009
0.480629
0.669822
0.449382
0.331179
0.141096
0.809083
0.451264
0.711877
0.543303
0.081410
0.084667
0.926220
0.551847
0.870959
0.346288
0.336701
0.684702
0.872087
0.089016
0.052588
0.459325
0.671022
0.022055
0.143255
0.367742
0.642484
0.046972
0.920398
0.611246
0.157710
0.773688
0.779100
0.423917
0.901569
0.921376
0.031115
0.781021
0.880474
0.839230
0.211506
0.743132
0.865206
0.293166
0.973515
0.896236
0.433413
0.340406
0.996861
0.875474
0.069686
0.860312
0.272003
0.916061
0.545385
0.604267
0.746581
0.666385
0.868786
0.369291
0.049450
0.079485
0.786073
0.660699
0.870540
0.321058
0.176883
0.481641
0.459120
0.092599
0.760752
0.336817
0.605805
0.162073
0.583333
0.250998
0.751373
0.863165
0.538619
0.338941
0.483975
0.806193
0.194778
0.902564
0.470725
0.524509
0.900340
0.026353
0.754656
0.541908
0.262228
0.467386
0.627460
0.718308
0.800047
0.238255
0.865634
0.338716
0.818726
0.527849
0.755407
0.427139
0.215343
0.536326
0.902065
0.162326
0.191089
0.878703
0.553575
0.062691
0.305934
0.569996
0.907496
0.106839
0.355653
0.299491
0.314285
0.024328
0.517337
0.960041
0.248797
0.285655
0.683182
0.869643
0.564010
0.545237
0.950669
0.128322
0.645093
0.447279
0.661995
0.336568
0.285564
0.339675
0.972866
0.877472
0.157537
0.900316
0.701105
0.969945
0.751381
0.354883
0.663726
0.244061
0.332283
0.543917
0.096592
0.102016
0.377537
0.815005
0.287002
0.212239
0.803257
0.605554
0.694604
0.164020
0.106767
0.721898
0.532348
0.282099
0.994358
0.087450
0.703386
0.483036
0.646141
0.049022
0.803227
0.637957
0.112457
0.916135
0.494354
0.401320
0.421189
0.029606
0.322970
0.756499
0.393076
0.376515
0.088749
0.421859
0.363133
0.199107
0.296988
0.733187
0.549892
0.592512
0.351553
0.069178
0.619530
0.204500
0.803726
0.387583
0.587217
0.590749
0.708305
0.983582
0.971017
0.839230
0.490242
0.334196
0.561352
0.851898
0.463179
0.439820
0.147970
0.302699
0.520389
0.675185
0.522246
0.216252
0.528076
0.997795
0.370777
0.316947
0.564375
0.784757
0.731111
0.565730
0.572739
0.353282
0.286058
0.460725
0.928082
0.812290
0.332694
0.853924
0.274799
0.660715
0.038545
0.902451
0.198796
0.032198
0.962629
0.799001
0.486369
0.647952
0.504485
0.628572
0.031113
0.013302
0.290828
0.891143
0.740267
0.734558
0.717267
0.272648
0.912588
0.768919
0.241101
0.296905
0.594114
0.100442
0.239676
0.753024
0.933262
0.581123
0.585228
0.767260
0.854519
0.230852
0.679484
0.123214
0.736530
0.068607
0.786447
0.774289
0.736251
0.886522
0.706283
0.329203
0.950881
0.287296
0.362840
0.813365
0.492744
0.714414
0.807310
0.951622
0.492853
0.216352
0.655341
0.113359
0.004478
0.824825
0.618667
0.488314
0.191139
0.889409
0.718126
0.896806
0.230722
0.614722
0.985703
0.304094
0.210063
0.681895
0.100866
0.825127
0.317824
0.915058
0.942484
0.039541
0.747761
0.859985
0.562875
0.350929
0.513667
0.181379
0.555125
0.029446
0.450180
0.435221
0.248393
0.380056
0.863127
0.932412
0.047440
0.134090
0.916605
0.651083
0.560300
0.920495
0.953294
0.970411
0.819679
0.332805
0.575737
0.053716
0.896279
0.263377
0.739915
0.089911
0.882337
0.469317
0.083414
0.068819
0.556982
0.703262
0.717977
0.998098
0.856825
0.672153
0.233880
0.320107
0.499974
0.860540
0.399533
0.030416
0.043482
0.200936
0.186099
0.582033
0.196287
0.318183
0.230814
0.949070
0.124762
0.790683
0.584909
0.260410
0.648129
0.528283
0.718375
0.659990
0.857565
0.981259
0.903883
0.639311
0.646822
0.780695
0.640473
0.075381
0.613576
0.427920
0.052615
0.821090
0.589310
0.456767
0.795045
0.584359
0.850095
0.791443
0.975661
0.318600
0.629547
0.815582
0.779639
0.673278
0.536235
0.502587
0.623752
0.634669
0.617897
0.178264
0.811303
0.160173
0.220488
0.485716
0.299913
0.883607
0.177113
0.587850
0.575917
0.274393
0.805546
0.810174
0.973974
0.572991
0.377774
0.827854
0.546635
0.422800
0.194905
0.215539
0.718515
0.071232
0.809045
0.082113
0.130033
0.938061
0.793144
0.528197
0.947609
0.037359
0.392388
0.511609
0.386296
0.402360
0.377926
0.151689
0.636800
0.184223
0.056345
0.610941
0.926173
0.281503
0.116627
0.072091
0.168584
0.184775
0.379800
0.387725
0.912662
0.589722
0.474161
0.172218
0.882193
0.313299
0.519113
0.182650
0.889313
0.134570
0.450917
0.094728
0.809865
0.539491
0.161280
0.316079
0.419740
0.564188
0.000889
0.434263
0.453784
0.262937
0.890787
0.708983
0.254372
0.955788
0.609944
0.672513
0.798750
0.689097
0.222083
0.181669
0.940679
0.044573
0.862813
0.997678
0.065178
0.005060
0.632590
0.283183
0.462039
0.396408
0.394758
0.971040
0.985354
0.014358
0.232965
0.247419
0.628125
0.875405
0.910041
0.918449
0.632953
0.734832
0.231772
0.008894
0.546117
0.649189
0.954140
0.933263
0.051633
0.652022
0.091056
0.141803
0.577262
0.709968
0.850365
0.479869
0.113090
0.852787
0.227253
0.110381
0.727225
0.468623
0.653830
0.783163
0.188297
0.139823
0.288671
0.336773
0.431391
0.401895
0.136951
0.479435
0.337697
0.447502
0.436257
0.304523
0.177709
0.999333
0.700448
0.387871
0.816945
0.442886
0.668654
0.221442
0.359875
0.367043
0.702520
0.739442
0.754393
0.103047
0.065518
0.665062
0.172589
0.799350
0.016211
0.771222
0.884773
0.310764
0.874860
0.127007
0.248313
0.427360
0.661123
0.259237
0.220679
0.105410
0.640674
0.459564
0.091413
0.695000
0.110538
0.321704
0.509194
0.164319
0.056351
0.908370
0.190767
0.898465
0.348598
0.677105
0.255642
0.372139
0.937426
0.689569
0.985830
0.354109
0.944634
0.487772
0.999719
0.961672
0.633915
0.937934
0.623906
0.932661
0.322807
0.959758
0.401349
0.679402
0.348057
0.314392
0.677753
0.714254
0.035152
0.003502
0.534440
0.742428
0.187488
0.617027
0.692895
0.379101
0.194739
0.487387
0.596254
0.010690
0.366916
0.389055
0.602937
0.652768
0.293016
0.937537
0.018459
0.799414
0.773096
0.760451
0.688873
0.672816
0.411588
0.952259
0.712982
0.101383
0.128448
0.596799
0.864831
0.535229
0.343516
0.108322
0.901603
0.677130
0.227874
0.459592
0.647885
0.514343
0.362883
0.738811
0.662815
0.503399
0.181371
0.906670
0.213529
0.529149
0.323752
0.658559
0.982774
0.446145
0.271793
0.279582
0.451074
0.351649
0.430768
0.703229
0.719246
0.744138
0.932592
0.336630
0.914688
0.819570
0.403532
0.831889
0.478283
0.952646
0.464670
0.895979
0.016019
0.926087
0.855539
0.520464
0.962917
0.403948
0.444452
0.052659
0.723230
0.113305
0.525808
0.244744
0.881490
0.992374
0.327048
0.526420
0.419031
0.394098
0.537511
0.016664
0.000310
0.186323
0.518904
0.284340
0.426693
0.068527
0.112756
0.196348
0.391126
0.608146
0.183562
0.762737
0.038259
0.786369
0.146328
0.154984
0.358523
0.305062
0.252205
0.787361
0.673068
0.536436
0.733581
0.809831
0.935607
0.960197
0.537362
0.658983
0.057465
0.816182
0.158789
0.592752
0.208471
0.762601
0.493723
0.833443
0.047956
0.751712
0.980152
0.047430
0.070713
0.468557
0.034203
0.180857
0.920291
0.298658
0.696309
0.977947
0.318870
0.343731
0.892458
0.958119
0.615910
0.858481
0.046550
0.892746
0.277954
0.176675
0.324785
0.371975
0.574866
0.692622
0.283090
0.402969
0.393326
0.398940
0.464849
0.946876
0.390782
0.408510
0.758633
0.243016
0.440982
0.535521
0.383944
0.842482
0.598615
0.526807
0.896092
0.683661
0.192899
0.741577
0.867496
0.790092
0.449933
0.718349
0.049703
0.304381
0.527381
0.057373
0.095285
0.435447
0.543086
0.722115
0.927925
0.381567
0.096461
0.233067
0.808353
0.587264
0.657150
0.222140
0.128378
0.533113
0.753185
0.538513
0.159846
0.176529
0.088658
0.071654
0.933721
0.737368
0.001212
0.880395
0.280016
0.630978
0.209111
0.206813
0.834748
0.415769
0.757472
0.800056
0.637400
0.862374
0.848970
0.390269
0.283104
0.933491
0.715683
0.520075
0.548677
0.151097
0.470230
0.566383
0.930931
0.631238
0.564368
0.146116
0.678970
0.893213
0.914913
0.095288
0.088347
0.353849
0.247573
0.412831
0.082361
0.449639
0.810752
0.462068
0.322099
0.387666
0.359804
0.988544
0.259169
0.205132
0.478021
0.230195
0.029798
0.758677
0.638776
0.323190
0.852011
0.406806
0.412919
0.024957
0.454086
0.977199
0.360391
0.337447
0.966950
0.407479
0.123124
0.192964
0.949684
0.542440
0.249923
0.908232
0.689044
0.588636
0.260055
0.487928
0.383657
0.841544
0.301722
0.106711
0.163350
0.480881
0.630087
0.680750
0.335380
0.492776
0.646795
0.489691
0.632951
0.436751
0.773423
0.383554
0.267548
0.691291
0.323477
0.433744
0.064848
0.641338
0.374489
0.612678
0.063234
0.718451
0.490944
0.533643
0.452543
0.270664
0.811695
0.694697
0.266355
0.471984
0.278655
0.462658
0.560906
0.225857
0.667087
0.042438
0.024051
0.664277
0.086879
0.411990
0.774440
0.083114
0.997861
0.094530
0.109376
0.219896
0.744285
0.290110
0.824291
0.705110
0.621900
0.322398
0.501311
0.380991
0.488138
0.269964
0.502384
0.358903
0.588453
0.662684
0.816498
0.100484
0.260960
0.023025
0.022791
0.178567
0.392766
0.030972
0.423245
0.468031
0.314612
0.073865
0.460989
0.397697
0.349900
0.714254
0.323212
0.172489
0.578528
0.147408
0.690885
0.957580
0.868212
0.424947
0.859828
0.357201
0.683451
0.163261
0.447502
0.871265
0.156866
0.628378
0.004876
0.670660
0.935300
0.657475
0.570000
0.091896
0.164478
0.428487
0.385814
0.855189
0.905901
0.881850
0.125182
0.595624
0.277426
0.813107
0.346283
0.850047
0.648107
0.644318
0.975913
0.945048
0.506546
0.420549
0.180880
0.112893
0.852419
0.111234
0.441885
0.748555
0.559906
0.193283
0.252664
0.684866
0.540548
0.293321
0.001913
0.174113
0.337008
0.332408
0.987996
0.439547
0.138395
0.781782
0.507455
0.012959
0.986244
0.858150
0.748191
0.964870
0.986787
0.489546
0.116316
0.719294
0.742624
0.817028
0.301098
0.629593
0.532849
0.684845
0.113499
0.376533
0.306706
0.755405
0.058097
0.582217
0.598225
0.480315
0.962911
0.658791
0.538415
0.501983
0.403164
0.720287
0.242424
0.160505
0.329165
0.568215
0.720810
0.568431
0.320484
0.051802
0.830402
0.294191
0.422953
0.034447
0.599126
0.587662
0.125790
0.347992
0.973031
0.485097
0.856491
0.361886
0.819297
0.163395
0.423933
0.558010
0.037472
0.865597
0.247278
0.003621
0.277915
0.302462
0.451355
0.121137
0.921485
0.032725
0.078937
0.227784
0.251991
0.242965
0.717002
0.070868
0.751588
0.064271
0.817144
0.922761
0.002095
0.976695
0.328865
0.677806
0.099481
0.534970
0.986681
0.062105
0.836393
0.093348
0.585693
0.324564
0.214549
0.078793
0.842386
0.218151
0.385792
0.746935
0.324583
0.345928
0.642246
0.013033
0.412288
0.975263
0.071859
0.561360
0.145012
0.701303
0.439050
0.853397
0.055489
0.149296
0.449353
0.152504
0.978527
0.574035
0.004216
0.206517
0.260326
0.369267
0.274195
0.648266
0.540681
0.313457
0.326870
0.527275
0.210154
0.820412
0.785339
0.135835
0.987931
0.550561
0.194083
0.573069
0.664540
0.784693
0.795518
0.357098
0.607121
0.827000
0.621360
0.075614
0.942975
0.045502
0.760968
0.208423
0.588768
0.679638
0.451555
0.183110
0.256171
0.247722
0.044235
0.680164
0.877790
0.819172
0.721559
0.601570
0.306797
0.922463
0.096831
0.794082
0.756424
0.831381
0.018159
0.083853
0.977008
0.097699
0.269961
0.863483
0.193968
0.713359
0.635285
0.978392
0.034365
0.221719
0.411737
0.011225
0.096622
0.534604
0.904461
0.956851
0.120780
0.525695
0.328248
0.334844
0.408087
0.584150
0.598553
0.790937
0.840850
0.944835
0.573530
0.405896
0.547684
0.529955
0.806017
0.143271
0.536470
0.304538
0.889951
0.932233
0.927699
0.375541
0.138649
0.775770
0.323856
0.658574
0.945710
0.397257
0.265221
0.351435
0.570409
0.361132
0.177148
0.440779
0.810074
0.319318
0.096176
0.325251
0.608222
0.209087
0.269477
0.459888
0.869721
0.447262
0.310367
0.854259
0.867721
0.688712
0.427923
0.729059
0.620949
0.724737
0.656228
0.638131
0.467721
0.941665
0.423035
0.677287
0.972737
0.216232
0.012614
0.857040
0.966780
0.638352
0.896594
0.439352
0.364590
0.391891
0.792349
0.701615
0.843529
0.030070
0.033056
0.664069
0.140782
0.216047
0.128381
0.316265
0.769518
0.394866
0.600615
0.617556
0.229056
0.375964
0.498269
0.386205
0.139141
0.163332
0.727105
0.288882
0.247056
0.722679
0.166378
0.701021
0.505796
0.542792
0.733938
0.729883
0.703680
0.574899
0.265512
0.223936
0.726717
0.334312
0.528054
0.979075
0.975276
0.959781
0.500883
0.485946
0.741032
0.856678
0.447361
0.631542
0.217999
0.131028
0.339159
0.507807
0.996372
0.454979
0.069395
0.422313
0.327903
0.815051
0.144008
0.930380
0.598979
0.978650
0.325950
0.090159
0.479230
0.590102
0.036895
0.605138
0.290528
0.864810
0.318174
0.281929
0.659086
0.601089
0.298061
0.561672
0.351994
0.057455
0.497138
0.344422
0.973141
0.454410
0.877456
0.027826
0.500686
0.931542
0.364153
0.531479
0.322161
0.622478
0.059087
0.030624
0.781146
0.673222
0.553096
0.428407
0.343153
0.016736
0.514544
0.052461
0.353954
0.193483
0.083789
0.263958
0.271574
0.560780
0.892693
0.257028
0.958501
0.622134
0.720966
0.242066
0.612525
0.611841
0.722325
0.933285
0.666679
0.742612
0.737620
0.081165
0.209033
0.939196
0.753238
0.033280
0.353934
0.385252
0.964551
0.598330
0.464455
0.672220
0.928592
0.000947
0.092521
0.797679
0.809658
0.418673
0.113774
0.178592
0.967494
0.504025
0.418804
0.355700
0.951061
0.727306
0.044953
0.224830
0.041693
0.190035
0.142320
0.666525
0.647380
0.411873
0.246751
0.006612
0.253858
0.189812
0.048850
0.148426
0.066498
0.968044
0.003319
0.715517
0.567312
0.788342
0.503098
0.546844
0.710913
0.158565
0.968614
0.231598
0.498232
0.472724
0.578629
0.566767
0.913282
0.628319
0.735084
0.297862
0.261201
0.450851
0.933531
0.864601
0.490000
0.483568
0.961314
0.143039
0.157631
0.711949
0.209864
0.050031
0.973711
0.242926
0.042231
0.973157
0.813955
0.771391
0.263248
0.099333
0.397346
0.560801
0.693172
0.050260
0.412642
0.407267
0.026030
0.676313
0.372847
0.710930
0.675578
0.218241
0.313926
0.954942
0.273293
0.295540
0.196945
0.998329
0.217262
0.721080
0.439822
0.078416
0.995524
0.044768
0.924417
0.042363
0.474130
0.987907
0.484362
0.383555
0.485095
0.709395
0.775959
0.241823
0.642959
0.732145
0.425106
0.778311
0.615773
0.611565
0.893339
0.694815
0.066265
0.228595
0.940884
0.118859
0.135291
0.289983
0.318775
0.401906
0.870474
0.992671
0.189359
0.408075
0.100605
0.303719
0.158440
0.730411
0.347595
0.290107
0.965364
0.634118
0.863740
0.944299
0.191803
0.860864
0.428243
0.953298
0.547123
0.251869
0.263249
0.485052
0.708990
0.273615
0.200340
0.872038
0.542327
0.318815
0.892086
0.785214
0.097627
0.264179
0.503001
0.261784
0.769688
0.399466
0.497289
0.598472
0.658621
0.000361
0.169060
0.391660
0.653958
0.548716
0.720192
0.811629
0.307100
0.752359
0.502388
0.877265
0.773556
0.974560
0.507924
0.058805
0.210242
0.638950
0.057597
0.909980
0.079802
0.364409
0.617817
0.720037
0.027972
0.538531
0.739930
0.904776
0.905410
0.336760
0.695880
0.220400
0.255529
0.713206
0.662059
0.002669
0.197268
0.051258
0.438843
0.796722
0.218646
0.187269
0.082241
0.661781
0.444665
0.675258
0.346312
0.493713
0.542599
0.008344
0.104694
0.212607
0.529009
0.163759
0.535438
0.089790
0.405660
0.200121
0.648282
0.738405
0.194709
0.662116
0.025042
0.935103
0.595448
0.490022
0.483507
0.970744
0.033289
0.787263
0.799463
0.310275
0.313487
0.763308
0.900539
0.063105
0.783917
0.083160
0.834483
0.884046
0.818753
0.657054
0.802443
0.122005
0.383426
0.080032
0.108485
0.161528
0.365241
0.763065
0.717936
0.235493
0.547544
0.614444
0.431577
0.471998
0.471639
0.558245
0.397006
0.442956
0.732402
0.388599
0.703738
0.046102
0.362890
0.424080
0.290355
0.638020
0.111575
0.162246
0.960109
0.077118
0.443988
0.953810
0.320134
0.787946
0.708730
0.479396
0.277371
0.349363
0.905569
0.176526
0.924586
0.088258
0.049640
0.434575
0.299729
0.049070
0.018898
0.351867
0.403188
0.750451
0.639685
0.679631
0.796330
0.749044
0.354582
0.607118
0.101565
0.043482
0.234079
0.662153
0.284028
0.278123
0.054878
0.900450
0.956896
0.976330
0.247982
0.970363
0.340216
0.249948
0.403690
0.599705
0.374732
0.619285
0.752251
0.636838
0.790019
0.432776
0.271381
0.365526
0.327088
0.515719
0.317993
0.324770
0.480470
0.893042
0.563280
0.020828
0.949360
0.933930
0.509194
0.485459
0.851351
0.940112
0.571254
0.675476
0.770080
0.850280
0.077609
0.834547
0.978209
0.338131
0.117005
0.555743
0.032699
0.540170
0.887703
0.847038
0.197618
0.033111
0.583719
0.762512
0.362541
0.482519
0.291826
0.417435
0.828088
0.769364
0.359495
0.550350
0.294776
0.956250
0.086950
0.371359
0.872093
0.439138
0.861457
0.681504
0.910682
0.223899
0.314159
0.148825
0.925497
0.822757
0.173722
0.964528
0.029691
0.557808
0.010720
0.706852
0.830240
0.533823
0.415409
0.236671
0.073626
0.568462
0.591974
0.510417
0.884466
0.484985
0.256625
0.792311
0.857265
0.342396
0.826360
0.395768
0.671339
0.034551
0.520871
0.596627
0.165788
0.788678
0.371836
0.098906
0.783607
0.162630
0.551581
0.554404
0.054869
0.328343
0.565540
0.344615
0.905576
0.557788
0.978490
0.628223
0.353120
0.640247
0.600950
0.587651
0.867430
0.371129
0.696320
0.718490
0.859290
0.599667
0.387916
0.787808
0.408938
0.614451
0.263742
0.929682
0.208057
0.812562
0.270823
0.984307
0.480402
0.742627
0.544869
0.152796
0.328469
0.258774
0.378793
0.912527
0.968255
0.867546
0.248500
0.793477
0.838007
0.511558
0.699195
0.477389
0.761064
0.301960
0.072137
0.968398
0.602960
0.798641
0.001871
0.562720
0.068736
0.726298
0.428271
0.579424
0.052238
0.811671
0.496380
0.414728
0.873567
0.209977
0.219709
0.355729
0.656948
0.656218
0.578182
0.690258
0.326338
0.600981
0.838710
0.228466
0.281996
0.663612
0.212070
0.206791
0.803967
0.423437
0.491470
0.270748
0.878683
0.958763
0.412300
0.471170
0.217325
0.392675
0.094991
0.897606
0.218705
0.694685
0.908727
0.197844
0.998622
0.970684
0.357632
0.076261
0.070155
0.724824
0.436927
0.254962
0.007339
0.042167
0.237644
0.946471
0.385085
0.188368
0.157631
0.797909
0.372031
0.792321
0.775765
0.493842
0.705866
0.031592
0.496942
0.764965
0.032344
0.212212
0.318431
0.755962
0.104040
0.879870
0.203704
0.418499
0.461470
0.346116
0.387434
0.471826
0.540544
0.910348
0.644005
0.217696
0.733783
0.427373
0.909880
0.109467
0.580152
0.454388
0.295179
0.005087
0.755754
0.425336
0.199015
0.824863
0.905634
0.981705
0.062824
0.279182
0.100290
0.245665
0.972049
0.117104
0.058634
0.884776
0.424221
0.209298
0.475480
0.889748
0.805311
0.750469
0.284413
0.092388
0.500159
0.026246
0.418294
0.286211
0.760128
0.913465
0.276575
0.995357
0.974596
0.493762
0.332089
0.258492
0.464535
0.578072
0.005584
0.465251
0.317668
0.330688
0.483876
0.187144
0.706460
0.609319
0.671328
0.888580
0.022475
0.712623
0.043093
0.364056
0.583273
0.356003
0.145170
0.124262
0.539695
0.334359
0.678208
0.817953
0.460593
0.227765
0.060886
0.121260
0.286463
0.960670
0.630813
0.516561
0.420017
0.131911
0.976575
0.606168
0.517074
0.933082
0.558915
0.320512
0.520935
0.605272
0.761080
0.767095
0.972964
0.734036
0.781964
0.877578
0.065847
0.032063
0.558639
0.220559
0.078062
0.437385
0.869726
0.802999
0.141621
0.488112
0.354456
0.752211
0.012954
0.695467
0.795439
0.992707
0.010877
0.495010
0.301542
0.370055
0.287487
0.828035
0.120730
0.760925
0.448185
0.304619
0.575663
0.100422
0.436271
0.587101
0.895635
0.682117
0.855049
