Rand_C
0.630756
0.173003
0.379184
0.577294
0.693858
0.388327
0.691442
0.594004
0.153964
0.336845
0.735454
0.608730
0.538576
0.078379
0.023812
0.243961
0.949290
0.564685
0.128210
0.306773
0.651006
0.067117
0.453718
0.694143
0.728228
0.554635
0.498137
0.330144
0.953126
0.211287
0.090458
0.380659
0.879534
0.814658
0.474982
0.682843
0.276349
0.288916
0.001680
0.404091
0.507308
0.769106
0.590868
0.508240
0.771444
0.126437
0.265474
0.919631
0.830213
0.307892
0.358347
0.566554
0.433096
0.661075
0.969602
0.965853
0.814750
0.840792
0.255030
0.608545
0.491763
0.285865
0.196392
0.798216
0.350791
0.041174
0.626924
0.754507
0.950660
0.911513
0.108177
0.963031
0.175334
0.297974
0.770291
0.221903
0.995144
0.585383
0.025075
0.061460
0.528636
0.065007
0.033470
0.840421
0.206261
0.712967
0.243971
0.306781
0.702187
0.106146
0.046003
0.633488
0.304968
0.178438
0.217197
0.119118
0.351230
0.244900
0.654774
0.493948
0.044133
0.088298
0.786324
0.288693
0.280570
0.531314
0.594954
0.312847
0.130709
0.381848
0.499748
0.303877
0.778863
0.640982
0.332678
0.800374
0.783900
0.787250
0.920469
0.293189
0.794511
0.132998
0.230379
0.072090
0.327007
0.017580
0.546700
0.354474
0.611240
0.728398
0.574159
0.634752
0.591437
0.270936
0.776465
0.950901
0.384295
0.680701
0.677304
0.643118
0.226325
0.664716
0.394522
0.962874
0.537607
0.154624
0.143373
0.032748
0.694349
0.895396
0.058808
0.668598
0.964333
0.375558
0.348739
0.522466
0.759778
0.059788
0.233754
0.204514
0.136716
0.320147
0.570965
0.762382
0.616956
0.404526
0.937319
0.756624
0.565264
0.078446
0.524738
0.572167
0.895056
0.803262
0.208683
0.227110
0.112794
0.007878
0.876351
0.456154
0.299011
0.859578
0.356954
0.401733
0.879507
0.115032
0.441674
0.138999
0.732769
0.034202
0.913583
0.077255
0.085078
0.598338
0.066024
0.933583
0.126834
0.369568
0.880454
0.316518
0.537227
0.186397
0.605778
0.438194
0.203379
0.075946
0.517607
0.105576
0.205478
0.940442
0.556086
0.399770
0.006231
0.673643
0.555520
0.623499
0.737660
0.033148
0.587110
0.793034
0.779175
0.725335
0.450138
0.765516
0.282510
0.518656
0.080570
0.762033
0.180284
0.486717
0.958285
0.212346
0.037025
0.310069
0.191246
0.939497
0.519485
0.638166
0.748290
0.724131
0.466924
0.607062
0.388748
0.003105
0.382281
0.985032
0.633316
0.727352
0.433346
0.052438
0.429315
0.673830
0.318551
0.195154
0.239870
0.983143
0.420913
0.358890
0.437433
0.073888
0.383497
0.307125
0.543604
0.581122
0.865479
0.427587
0.794508
0.099150
0.476975
0.201663
0.103697
0.371243
0.544551
0.535517
0.164915
0.995822
0.704832
0.241673
0.101448
0.808810
0.431573
0.795329
0.327723
0.548782
0.272855
0.231289
0.656430
0.195255
0.907052
0.064576
0.293777
0.736495
0.680783
0.920891
0.120026
0.949833
0.193165
0.686769
0.588686
0.635265
0.828409
0.341300
0.386064
0.410311
0.779853
0.129225
0.235570
0.567324
0.652152
0.389970
0.544766
0.684862
0.632776
0.831764
0.591577
0.730565
0.071622
0.338193
0.350285
0.967808
0.790466
0.638294
0.308135
0.456130
0.905005
0.108278
0.872268
0.930765
0.448101
0.137522
0.490495
0.969207
0.839675
0.917435
0.814210
0.433129
0.720316
0.526794
0.246878
0.546486
0.510061
0.608920
0.625120
0.032753
0.386733
0.228388
0.487206
0.628546
0.340986
0.974726
0.359309
0.431652
0.826264
0.045495
0.633131
0.441269
0.701190
0.143610
0.036589
0.222211
0.440606
0.733623
0.939915
0.736990
0.209001
0.532939
0.602075
0.609791
0.708054
0.949525
0.405047
0.423547
0.605395
0.990422
0.030291
0.718719
0.175319
0.048619
0.458995
0.049428
0.154776
0.997312
0.891530
0.152423
0.615167
0.463658
0.049639
0.486957
0.836815
0.098247
0.191596
0.985028
0.612166
0.482671
0.025892
0.202849
0.953138
0.024359
0.415925
0.628076
0.444293
0.543963
0.737239
0.237908
0.797430
0.597250
0.615682
0.790972
0.378389
0.457381
0.581198
0.797062
0.335927
0.493857
0.260937
0.387202
0.930479
0.729414
0.549691
0.751558
0.536435
0.552816
0.760387
0.517616
0.623977
0.248003
0.885558
0.470219
0.677457
0.993147
0.656869
0.923913
0.606441
0.163549
0.263204
0.961599
0.926149
0.513584
0.713492
0.364053
0.002653
0.975748
0.908012
0.054798
0.390544
0.484988
0.595572
0.929904
0.980695
0.153435
0.686135
0.897949
0.337127
0.293978
0.044988
0.416591
0.330629
0.282669
0.672963
0.692389
0.160917
0.117458
0.319464
0.897615
0.773089
0.412227
0.383105
0.637907
0.467186
0.477007
0.323653
0.451050
0.860869
0.150514
0.788385
0.261174
0.889041
0.009633
0.918544
0.283431
0.091587
0.667557
0.171871
0.378320
0.893577
0.461449
0.395895
0.741637
0.197751
0.860534
0.697524
0.468578
0.847406
0.533351
0.344756
0.727509
0.658566
0.719127
0.597802
0.864570
0.934463
0.939474
0.923559
0.719941
0.464852
0.432964
0.425677
0.312132
0.521305
0.090943
0.645388
0.101649
0.228508
0.199196
0.589864
0.528401
0.944895
0.883183
0.818632
0.386798
0.690056
0.063166
0.448857
0.886004
0.539034
0.228723
0.348197
0.649492
0.201096
0.468004
0.580859
0.037075
0.101180
0.367946
0.378090
0.734148
0.621935
0.468886
0.961506
0.973907
0.111249
0.219349
0.384086
0.619386
0.143086
0.382190
0.427030
0.730207
0.836958
0.992782
0.839649
0.644392
0.399219
0.463674
0.003418
0.291992
0.464049
0.678566
0.586430
0.325736
0.855605
0.278316
0.612552
0.570553
0.331262
0.126683
0.958010
0.822810
0.365024
0.290587
0.092576
0.648260
0.625832
0.287363
0.869019
0.631020
0.592186
0.841390
0.041210
0.437825
0.884028
0.346335
0.707506
0.983140
0.382372
0.891602
0.528354
0.241155
0.292150
0.518443
0.665868
0.520620
0.010497
0.178275
0.693518
0.678921
0.084730
0.403533
0.883853
0.205247
0.823587
0.549770
0.983882
0.074536
0.246104
0.636768
0.489340
0.421591
0.764345
0.794160
0.555247
0.956280
0.660109
0.269979
0.190211
0.189364
0.480102
0.887796
0.520006
0.154986
0.206494
0.413815
0.754312
0.852006
0.731995
0.251860
0.984223
0.260044
0.405978
0.957446
0.974406
0.878522
0.364186
0.031095
0.344176
0.351910
0.985346
0.739880
0.782685
0.185565
0.625101
0.852934
0.497373
0.172529
0.445858
0.658771
0.005507
0.928627
0.844148
0.370986
0.760039
0.738260
0.122695
0.310635
0.238413
0.981843
0.995653
0.980009
0.856490
0.032338
0.275180
0.160397
0.969007
0.933429
0.475690
0.432539
0.574189
0.892814
0.641453
0.881492
0.055673
0.109055
0.290028
0.278523
0.793266
0.869785
0.427870
0.476907
0.607454
0.312877
0.732115
0.363314
0.505248
0.279671
0.637204
0.204826
0.202644
0.990300
0.544743
0.186940
0.359540
0.170223
0.986047
0.926507
0.286912
0.463863
0.186933
0.666654
0.959127
0.257721
0.987882
0.644625
0.616489
0.972612
0.183928
0.454777
0.667298
0.369653
0.418713
0.076369
0.563037
0.365472
0.349644
0.339348
0.872875
0.902419
0.040926
0.647005
0.078265
0.321492
0.181664
0.222662
0.909887
0.600805
0.727034
0.948025
0.740958
0.732175
0.978130
0.066737
0.449174
0.608530
0.340757
0.027791
0.809060
0.007121
0.791126
0.169579
0.526002
0.830670
0.642607
0.157179
0.132529
0.906917
0.084648
0.103984
0.248558
0.181152
0.345707
0.708622
0.671398
0.086527
0.443005
0.827515
0.753656
0.564282
0.822440
0.054369
0.172280
0.033287
0.017396
0.110310
0.308128
0.328841
0.219117
0.407808
0.091257
0.860216
0.984569
0.032987
0.152208
0.039928
0.193948
0.965801
0.500803
0.910444
0.326267
0.833300
0.049363
0.267214
0.619501
0.823323
0.507996
0.613381
0.792438
0.304183
0.646776
0.508740
0.862948
0.938950
0.989570
0.539681
0.167968
0.671294
0.893223
0.995463
0.968697
0.794147
0.424544
0.656550
0.217056
0.986159
0.049872
0.967303
0.263053
0.716676
0.712111
0.057663
0.342086
0.384099
0.835925
0.925678
0.173979
0.134996
0.045593
0.223546
0.527867
0.029260
0.085831
0.046078
0.484802
0.199159
0.920761
0.040128
0.198542
0.460768
0.667616
0.818657
0.182175
0.980591
0.222863
0.747660
0.313803
0.371711
0.232408
0.166199
0.833420
0.963086
0.457095
0.579103
0.865095
0.324910
0.062526
0.842982
0.783009
0.643364
0.532756
0.864886
0.996703
0.651951
0.458541
0.492431
0.293695
0.908542
0.823126
0.014915
0.996274
0.305809
0.037375
0.244208
0.313750
0.372640
0.010457
0.127100
0.868145
0.601981
0.384401
0.144183
0.613664
0.121233
0.698440
0.657371
0.647894
0.633123
0.083061
0.278730
0.949299
0.436531
0.814910
0.940515
0.341396
0.359829
0.934052
0.734580
0.455973
0.728615
0.559967
0.933106
0.401025
0.555174
0.272447
0.895861
0.486403
0.584828
0.280657
0.161292
0.246122
0.352467
0.049303
0.593839
0.103632
0.183943
0.293189
0.073227
0.763248
0.463807
0.461227
0.013093
0.678191
0.478442
0.127801
0.701325
0.462032
0.974074
0.929757
0.412359
0.089568
0.726420
0.840042
0.442709
0.608163
0.754140
0.545100
0.822316
0.896210
0.919258
0.543579
0.574096
0.572016
0.228587
0.093026
0.380272
0.002080
0.349154
0.074146
0.241146
0.078523
0.471588
0.316734
0.336785
0.499266
0.302008
0.067195
0.748604
0.084043
0.603553
0.556647
0.736659
0.614873
0.919859
0.975595
0.474242
0.059281
0.651973
0.164295
0.809538
0.308943
0.783198
0.372488
0.414026
0.716904
0.456279
0.154649
0.504692
0.256724
0.045148
0.715449
0.849563
0.636849
0.892805
0.578822
0.965294
0.406603
0.769047
0.075964
0.571268
0.066636
0.407524
0.639620
0.618612
0.505827
0.706540
0.754925
0.446006
0.357770
0.773196
0.754244
0.105051
0.300861
0.206554
0.007423
0.134137
0.834289
0.586622
0.226846
0.642341
0.101170
0.150502
0.372178
0.699419
0.304546
0.411881
0.057422
0.345061
0.956502
0.088613
0.309212
0.779744
0.176815
0.235947
0.249230
0.109875
0.269789
0.513046
0.569062
0.216510
0.495502
0.703634
0.512436
0.903776
0.659141
0.151434
0.182856
0.250661
0.693393
0.434582
0.940612
0.401843
0.652770
0.700689
0.827788
0.180916
0.885724
0.177709
0.777014
0.340397
0.474464
0.264686
0.811110
0.657740
0.993646
0.136386
0.418963
0.105964
0.643994
0.687141
0.082807
0.004700
0.805201
0.584756
0.680221
0.553783
0.778674
0.492221
0.934738
0.418663
0.037478
0.773754
0.121223
0.445023
0.511675
0.983494
0.643497
0.947647
0.344555
0.536478
0.239754
0.412390
0.285757
0.741104
0.595055
0.323559
0.081953
0.676220
0.322533
0.564216
0.539232
0.075909
0.957456
0.261357
0.837879
0.625649
0.013950
0.177094
0.295281
0.439627
0.717548
0.757164
0.855122
0.887932
0.340242
0.602818
0.243555
0.578047
0.724744
0.024793
0.623182
0.143730
0.485848
0.674463
0.353349
0.709699
0.385621
0.836868
0.515392
0.358922
0.874269
0.661147
0.872904
0.589503
0.035383
0.864559
0.863165
0.880463
0.413559
0.021915
0.785588
0.414883
0.248996
0.678546
0.900290
0.150506
0.458143
0.183662
0.900081
0.317514
0.864502
0.247286
0.625783
0.864434
0.826126
0.433621
0.575765
0.947727
0.918315
0.026499
0.485189
0.418579
0.684781
0.182921
0.882280
0.193912
0.136132
0.515741
0.360158
0.092586
0.178297
0.483888
0.315829
0.932410
0.862831
0.917808
0.258439
0.990995
0.088160
0.884786
0.602012
0.796743
0.937317
0.420068
0.265590
0.591517
0.752948
0.906677
0.292643
0.517411
0.769216
0.657612
0.682269
0.833437
0.113031
0.021978
0.586812
0.431727
0.668539
0.920150
0.461395
0.408992
0.681813
0.431812
0.156748
0.398561
0.741575
0.087563
0.012240
0.943275
0.865931
0.340469
0.625889
0.909153
0.000645
0.735102
0.236902
0.328819
0.177309
0.669132
0.889008
0.192446
0.035351
0.279669
0.349477
0.023530
0.945041
0.879509
0.602239
0.463771
0.162745
0.984750
0.205641
0.933278
0.447797
0.751780
0.522716
0.260783
0.980021
0.646977
0.543209
0.682391
0.153913
0.372498
0.021735
0.793114
0.272479
0.262846
0.711983
0.684254
0.533932
0.085941
0.738541
0.709716
0.438436
0.511591
0.254263
0.715786
0.879944
0.767267
0.554461
0.856425
0.630449
0.816662
0.326267
0.506974
0.463796
0.320766
0.408869
0.104704
0.478587
0.463841
0.395688
0.274918
0.758389
0.322554
0.054691
0.832717
0.392824
0.044473
0.290666
0.822209
0.921185
0.636547
0.495397
0.327021
0.283637
0.264136
0.702081
0.707479
0.349204
0.343454
0.888896
0.516686
0.216578
0.215524
0.014519
0.842130
0.063546
0.805441
0.514369
0.072262
0.943724
0.045046
0.700231
0.122796
0.330388
0.209193
0.190274
0.673646
0.339150
0.438196
0.769822
0.887492
0.008638
0.605504
0.834068
0.324223
0.684624
0.358570
0.876722
0.400506
0.794549
0.630587
0.222799
0.257652
0.516171
0.292918
0.282261
0.615032
0.989550
0.267613
0.040695
0.411813
0.000125
0.449545
0.923503
0.296225
0.072604
0.552156
0.334051
0.046385
0.916030
0.735873
0.582961
0.272350
0.069461
0.072624
0.671134
0.412777
0.736440
0.649929
0.394936
0.189979
0.943066
0.933026
0.122311
0.224819
0.382442
0.037489
0.172598
0.928862
0.417776
0.259837
0.071830
0.201434
0.145126
0.005463
0.036670
0.351121
0.334876
0.549986
0.660411
0.601697
0.447623
0.329881
0.090657
0.724623
0.877022
0.554138
0.331185
0.218747
0.557457
0.343289
0.998944
0.922211
0.551682
0.742692
0.426378
0.969637
0.518213
0.270985
0.700520
0.687675
0.584716
0.162328
0.603019
0.648832
0.795782
0.240074
0.033568
0.893048
0.642727
0.081851
0.321475
0.623374
0.548406
0.292589
0.532948
0.035515
0.924282
0.657492
0.915379
0.406923
0.004651
0.326842
0.730073
0.372046
0.700163
0.444128
0.689639
0.874316
0.039436
0.633199
0.296301
0.021549
0.214612
0.645142
0.057762
0.599043
0.845122
0.146285
0.368835
0.638935
0.560751
0.853311
0.138614
0.776582
0.657353
0.345391
0.366288
0.695737
0.665131
0.826833
0.147718
0.610544
0.975083
0.383042
0.059093
0.513973
0.827058
0.158119
0.235912
0.824591
0.153233
0.943426
0.625712
0.981810
0.037544
0.210397
0.556464
0.392519
0.806441
0.841083
0.318065
0.884035
0.225500
0.372577
0.714707
0.109788
0.327030
0.071370
0.509141
0.803319
0.791904
0.422957
0.417914
0.686306
0.430049
0.044792
0.615077
0.228668
0.651145
0.157344
0.452006
0.323936
0.656471
0.061184
0.503150
0.628014
0.296223
0.576356
0.510522
0.396246
0.939196
0.645789
0.894842
0.909862
0.618115
0.757825
0.295347
0.562456
0.137582
0.194619
0.564381
0.880262
0.082825
0.879745
0.698890
0.044633
0.991270
0.757101
0.003503
0.181415
0.011824
0.497074
0.477794
0.178139
0.725759
0.651255
0.869954
0.165392
0.370811
0.139535
0.220228
0.173452
0.542314
0.815873
0.232009
0.414518
0.292073
0.675667
0.913108
0.392427
0.064096
0.932018
0.157109
0.355011
0.334841
0.664700
0.925196
0.914071
0.628146
0.917195
0.590240
0.697888
0.301438
0.839877
0.536082
0.076039
0.803995
0.949952
0.043824
0.146746
0.066322
0.572730
0.112891
0.055124
0.782466
0.459892
0.039820
0.148727
0.913178
0.899394
0.270630
0.679541
0.326100
0.202980
0.289855
0.407770
0.868036
0.192395
0.157027
0.987175
0.909162
0.930175
0.621355
0.987462
0.786822
0.975009
0.594792
0.894805
0.253615
0.108435
0.611126
0.861694
0.056017
0.418595
0.991819
0.693769
0.171574
0.801892
0.229191
0.094612
0.234555
0.339478
0.678749
0.737345
0.578547
0.886443
0.607218
0.900504
0.156519
0.181950
0.580613
0.343663
0.443173
0.480077
0.919527
0.100685
0.781513
0.219894
0.945469
0.082132
0.340990
0.246438
0.950931
0.840618
0.408457
0.537698
0.224012
0.922961
0.356528
0.294833
0.929493
0.058335
0.275156
0.613832
0.515755
0.069128
0.957755
0.222296
0.165489
0.355682
0.132212
0.068493
0.537225
0.881466
0.140238
0.705530
0.858040
0.835072
0.910481
0.359923
0.434686
0.377879
0.502913
0.631649
0.216602
0.265655
0.487774
0.742062
0.725697
0.428642
0.826782
0.510042
0.890625
0.269162
0.691214
0.753396
0.983283
0.231893
0.380333
0.643988
0.500762
0.095943
0.644542
0.668477
0.001966
0.005661
0.186377
0.568288
0.536678
0.986654
0.520407
0.379798
0.628282
0.609022
0.722013
0.875092
0.193088
0.838956
0.713808
0.305173
0.908950
0.858817
0.311391
0.212619
0.174965
0.410430
0.719477
0.214655
0.421044
0.335217
0.075021
0.792677
0.631724
0.495719
0.941225
0.320791
0.231179
0.515487
0.353896
0.579673
0.803093
0.316350
0.243493
0.195054
0.123146
0.592073
0.080324
0.086170
0.214755
0.237155
0.097906
0.668469
0.832290
0.424937
0.001351
0.687436
0.986623
0.947843
0.498108
0.181192
0.017034
0.116166
0.533912
0.305801
0.815742
0.402516
0.540296
0.424506
0.774076
0.684689
0.384271
0.406596
0.569123
0.294040
0.284963
0.213878
0.597722
0.612444
0.316123
0.601834
0.518580
0.594525
0.265911
0.236500
0.337897
0.164811
0.190187
0.531594
0.995035
0.638697
0.964036
0.271759
0.686690
0.763488
0.043475
0.228405
0.126639
0.071779
0.268368
0.857306
0.780865
0.833389
0.168987
0.266604
0.715476
0.672906
0.272331
0.257854
0.785562
0.746352
0.703226
0.699156
0.670930
0.212390
0.358348
0.155769
0.997601
0.018877
0.789369
0.237057
0.627736
0.633223
0.803077
0.375959
0.763647
0.357285
0.643822
0.949835
0.595756
0.389066
0.780000
0.302604
0.515254
0.706915
0.309829
0.689092
0.920601
0.056991
0.674344
0.459427
0.600058
0.070371
0.323693
0.852169
0.311104
0.503848
0.361498
0.938610
0.617782
0.925833
0.844049
0.397437
0.643151
0.699980
0.678097
0.976775
0.259803
0.164646
0.468089
0.943787
0.342016
0.880604
0.180215
0.700504
0.774906
0.041585
0.366665
0.667997
0.568635
0.023429
0.654392
0.134954
0.558135
0.412344
0.525869
0.053323
0.967715
0.904603
0.046815
0.681624
0.735347
0.334311
0.790547
0.799361
0.383133
0.216570
0.164185
0.505618
0.113162
0.509160
0.754285
0.394090
0.964453
0.822033
0.066634
0.239354
0.693209
0.333372
0.561007
0.953387
0.460735
0.034959
0.879783
0.475540
0.075536
0.573507
0.699038
0.756144
0.329319
0.019125
0.889533
0.964650
0.555761
0.256316
0.460377
0.361543
0.753928
0.117354
0.663948
0.100205
0.873458
0.317434
0.936263
0.888389
0.201984
0.991078
0.038424
0.243194
0.786324
0.995556
0.100431
0.018682
0.013913
0.500514
0.358767
0.458766
0.643065
0.989016
0.727822
0.763754
0.141526
0.697035
0.982688
0.193213
0.756094
0.517531
0.007357
0.453532
0.745521
0.519065
0.375677
0.486624
0.285634
0.195089
0.129367
0.195106
0.393300
0.526162
0.981662
0.173474
0.170397
0.914826
0.459522
0.244368
0.865955
0.972870
0.562003
0.122191
0.942727
0.120392
0.810129
0.183988
0.705041
0.115675
0.956992
0.576756
0.351167
0.563045
0.934454
0.020203
0.219904
0.399744
0.701562
0.424519
0.831800
0.480150
0.078241
0.255032
0.178992
0.200728
0.489056
0.578469
0.289380
0.017643
0.598487
0.718259
0.032293
0.702605
0.151290
0.834648
0.394172
0.607346
0.388777
0.485673
0.413819
0.234545
0.303966
0.821161
0.830451
0.804164
0.968787
0.363973
0.081546
0.656859
0.555474
0.469873
0.428757
0.101989
0.607427
0.853053
0.985045
0.090689
0.020882
0.986094
0.910527
0.079490
0.677031
0.500141
0.003846
0.934585
0.146305
0.825088
0.302292
0.954111
0.219827
0.887986
0.248254
0.281427
0.705455
0.397522
0.357775
0.139440
0.440031
0.613565
0.798772
0.181389
0.832437
0.421420
0.254830
0.901091
0.074353
0.343844
0.751369
0.617215
0.258515
0.219532
0.135695
0.782362
0.478394
0.065077
0.465893
0.971390
0.525150
0.243434
0.079800
0.684243
0.746042
0.371065
0.500621
0.010250
0.890267
0.940655
0.068104
0.469705
0.471421
0.940449
0.475042
0.163682
0.053064
0.206851
0.615132
0.224424
0.792144
0.810778
0.262404
0.404901
0.949555
0.697331
0.103691
0.139507
0.990132
0.468383
0.137110
0.444603
0.427114
0.972732
0.620675
0.336668
0.143634
0.720603
0.011060
0.078823
0.379350
0.220314
0.962087
0.710743
0.816629
0.395092
0.857609
0.879382
0.497976
0.919736
0.994144
0.309063
0.468944
0.030025
0.212322
0.597317
0.582981
0.836336
0.213810
0.328433
0.305767
0.080574
0.043130
0.199676
0.972988
0.759322
0.594569
0.200973
0.909320
0.074940
0.335532
0.172359
0.890111
0.443319
0.464579
0.949241
0.067744
0.356348
0.870553
0.108292
0.269332
0.760257
0.824856
0.800394
0.937976
0.250932
0.887137
0.223457
0.632748
0.011391
0.628813
0.587937
0.656122
0.046058
0.081541
0.021470
0.605568
0.831802
0.509149
0.647889
0.950123
0.177839
0.927638
0.208195
0.949898
0.788810
0.047503
0.660565
0.538157
0.708315
0.751025
0.079697
0.024380
0.642980
0.596027
0.160043
0.909615
0.105946
0.431674
0.208820
0.919625
0.061033
0.511575
0.495273
0.037668
0.980199
0.718716
0.943553
0.025709
0.501978
0.888068
0.761173
0.960815
0.585085
0.096263
0.446087
0.852796
0.351873
0.832321
0.841971
0.508370
0.532492
0.740403
0.285930
0.380219
0.498755
0.290732
0.672923
0.404382
0.722026
0.991719
0.351162
0.166051
0.169361
0.110483
0.771410
0.899527
0.639977
0.653294
0.132333
0.151105
0.958474
0.342683
0.987658
0.700416
0.863615
0.964171
0.924327
0.066216
0.815236
0.241564
0.711319
0.253442
0.755669
0.255789
0.499139
0.121293
0.468068
0.308573
0.203054
0.581829
0.061934
0.300707
0.670275
0.591394
0.761582
0.967133
0.435190
0.564387
0.819205
0.865339
0.597493
0.509292
0.574737
0.248776
0.917961
0.868415
0.196250
0.426174
0.048153
0.708733
0.036817
0.440917
0.519458
0.346885
0.824354
0.789877
0.424569
0.700238
0.466770
0.141322
0.150865
0.347023
0.271501
0.983164
0.265336
0.174656
0.742902
0.915840
0.693467
0.033080
0.100102
0.136611
0.812685
0.699983
0.230277
0.708304
0.608311
0.087712
0.444848
0.712711
0.867962
0.088766
0.406238
0.537225
0.401892
0.036253
0.052974
0.873167
0.755182
0.946421
0.994426
0.216843
0.713598
0.857941
0.610085
0.691824
0.967074
0.781616
0.128757
0.824177
0.179130
0.211031
0.881429
0.414484
0.242404
0.484607
0.735954
0.628130
0.601648
0.406451
0.684346
0.950481
0.756034
0.142860
0.140339
0.718495
0.197045
0.135489
0.663680
0.684366
0.960694
0.129068
0.480727
0.515212
0.085480
0.713853
0.435525
0.586790
0.623277
0.992558
0.244352
0.291681
0.177432
0.985948
0.659290
0.643290
0.723140
0.049063
0.412444
0.201589
0.276187
0.454709
0.158738
0.123334
0.101757
0.570682
0.391014
0.389501
0.882810
0.949728
0.190144
0.590620
0.445269
0.346697
0.344387
0.154123
0.031192
0.385166
0.972845
0.270880
0.668126
0.145154
0.693078
0.377722
0.758486
0.232007
0.216975
0.899291
0.642205
0.472250
0.278762
0.540258
0.297037
0.363482
0.473001
0.093681
0.336635
0.203950
0.398297
0.702398
0.513057
0.899432
0.295403
0.731261
0.877239
0.198511
0.677617
0.476190
0.711887
0.411971
0.299702
0.253435
0.494059
0.376894
0.383855
0.618772
0.290703
0.552999
0.506429
0.211879
0.567574
0.845599
0.580176
0.166152
0.250614
0.239872
0.782256
0.478688
0.049880
0.708143
0.837699
0.321269
0.835867
0.523701
0.309989
0.631219
0.182897
0.226762
0.096606
0.893078
0.890184
0.541036
0.338421
0.844234
0.126088
0.114807
0.141953
0.292550
0.056223
0.816525
0.762693
0.221391
0.009768
0.086659
0.906726
0.425563
0.522756
0.813084
0.499275
0.726940
0.708745
0.973794
0.306921
0.614644
0.323401
0.396803
0.515916
0.009159
0.302160
0.522704
0.272379
0.199644
0.153176
0.611644
0.531634
0.031259
0.567587
0.571960
0.667953
0.711775
0.915359
0.894895
0.121270
0.659460
0.162720
0.390575
0.797074
0.355956
0.108367
0.509003
0.745219
0.505853
0.847356
0.894800
0.870008
0.668531
0.490870
0.514194
0.308396
0.213149
0.766929
0.355192
0.494639
0.467177
0.733412
0.483141
0.540484
0.828021
0.354737
0.806635
0.494040
0.615494
0.848104
0.576301
0.696697
0.403570
0.413598
0.378396
0.953226
0.277617
0.791855
0.812371
0.288114
0.832680
0.170292
0.193118
0.789618
0.503670
0.260574
0.030256
0.552808
0.830326
0.284768
0.683605
0.677769
0.979840
0.537574
0.430405
0.783051
0.448984
0.664816
0.252331
0.803933
0.289119
0.566805
0.833657
0.610196
0.728320
0.939903
0.742330
0.143445
0.320934
0.857946
0.532355
0.536688
0.399574
0.469701
0.468509
0.204712
0.032387
0.639550
0.248909
0.696529
0.706369
0.965130
0.351392
0.963898
0.568482
0.677748
0.529499
0.751163
0.592002
0.865462
0.835075
0.490125
0.558295
0.688618
0.230205
0.567296
0.616314
0.465222
0.677240
0.733128
0.503789
0.892985
0.793892
0.109691
0.188911
0.560275
0.954768
0.665305
0.091481
0.163941
0.728437
0.421693
0.252034
0.053393
0.332884
0.469888
0.145015
0.477038
0.859368
0.438126
0.325230
0.594396
0.416588
0.813548
0.936096
0.601068
0.965692
0.363332
0.619908
0.521236
0.341736
0.826493
0.050299
0.321294
0.009185
0.252536
0.841314
0.844299
0.224423
0.740717
0.896405
0.863789
0.449851
0.371247
0.300717
0.883370
0.291654
0.920905
0.038736
0.838402
0.433668
0.204273
0.646729
0.463378
0.381632
0.060050
0.390235
0.626144
0.215842
0.203575
0.830882
0.888952
0.513819
0.990511
0.521943
0.279462
0.087964
0.363553
0.701596
0.078198
0.013976
0.347440
0.351398
0.748532
0.139387
0.309767
0.341197
0.703960
0.900885
0.327856
0.581041
0.600339
0.360782
0.720533
0.090367
0.232566
0.657092
0.213403
0.738782
0.299614
0.919723
0.165618
0.209008
0.452583
0.182453
0.983118
0.968535
0.591571
0.509433
0.108034
0.864668
0.380828
0.997062
0.596262
0.358171
0.686289
0.078716
0.659580
0.998429
0.954068
0.805693
0.989286
0.158584
0.104510
0.909026
0.323151
0.747745
0.669255
0.228410
0.777325
0.326401
0.538702
0.444685
0.260448
0.360740
0.891797
0.797115
0.815103
0.166387
0.142403
0.449581
0.479493
0.773154
0.591361
0.369759
0.539196
0.489513
0.809455
0.504638
0.433329
0.686340
0.085981
0.614730
0.488412
0.432238
0.208750
0.883379
0.877309
0.529114
0.204542
0.487588
0.423163
0.464837
0.139127
0.301655
0.785738
0.265723
0.433679
0.667401
0.347334
0.434400
0.073607
0.371271
0.193941
0.349023
0.936565
0.290302
0.229308
0.684823
0.041717
0.438369
0.686089
0.850147
0.529687
0.382469
0.766645
0.122148
0.357609
0.072435
0.349480
0.886051
0.140953
0.215710
0.340894
0.551232
0.587569
0.982636
0.855805
0.256321
0.395504
0.185001
0.786082
0.794202
0.648278
0.329893
0.031795
0.957917
0.821049
0.027845
0.240626
0.724335
0.959572
0.410463
0.042482
0.505613
0.466480
0.151956
0.196111
0.688861
0.347446
0.577754
0.772599
0.841376
0.000877
0.864971
0.691683
0.481043
0.712807
0.215664
0.153389
0.020434
0.896100
0.646089
0.427103
0.701265
0.904397
0.734033
0.577146
0.229968
0.192991
0.098392
0.782892
0.740215
0.465216
0.609012
0.879725
0.573125
0.334132
0.393200
0.098408
0.309743
0.518700
0.354815
0.999012
0.463429
0.856834
0.303653
0.449425
0.939928
0.744664
0.723022
0.481280
0.950006
0.806222
0.225050
0.193304
0.885074
0.476199
0.290754
0.388405
0.557493
0.977826
0.448856
0.581761
0.889959
0.822552
0.730130
0.991053
0.097432
0.352354
0.291710
0.189622
0.402910
0.306988
0.799318
0.310277
0.799920
0.489979
0.843469
0.269617
0.582515
0.526390
0.552938
0.141674
0.119226
0.099655
0.628199
0.194638
0.034208
0.807169
0.292214
0.095851
0.517657
0.627699
0.587931
0.386160
0.964093
0.378691
0.391013
0.911835
0.758354
0.139970
0.772048
0.783617
0.495117
0.482463
0.238759
0.054867
0.023667
0.619820
0.196908
0.441065
0.735913
0.337871
0.774995
0.274667
0.785631
0.154812
0.386667
0.524853
0.175608
0.557536
0.554936
0.701976
0.618091
0.423597
0.661490
0.063950
0.749599
0.857888
0.301361
0.821956
0.266775
0.728025
0.239384
0.599045
0.902274
0.999242
0.295843
0.294316
0.957721
0.291652
0.862720
0.961079
0.421654
0.687378
0.433651
0.953197
0.294267
0.474670
0.723083
0.515893
0.498037
0.642098
0.098263
0.314450
0.959792
0.767581
0.617232
0.915497
0.355242
0.701384
0.263128
0.989537
0.102501
0.172476
0.018640
0.247209
0.712467
0.933529
0.981460
0.730846
0.179944
0.116838
0.323965
0.731224
0.329945
0.332885
0.909672
0.150158
0.814327
0.038449
0.893833
0.231383
0.173393
0.367970
0.075994
0.726290
0.349546
0.194284
0.260134
0.303350
0.363076
0.437468
0.267076
0.256971
0.949835
0.499660
0.723605
0.000901
0.183745
0.550952
0.210604
0.817977
0.052496
0.049886
0.642394
0.906328
0.000365
0.036847
0.608795
0.780961
0.733299
0.433631
0.119191
0.130971
0.736246
0.190884
0.469595
0.600341
0.648164
0.493596
0.184724
0.979721
0.808379
0.184841
0.120576
0.244266
0.842572
0.981395
0.694541
0.059238
0.354612
0.766124
0.496376
0.255352
0.003998
0.954471
0.032227
0.452241
0.170024
0.890393
0.888198
0.542898
0.409850
0.602950
0.561317
0.167556
0.995679
0.402827
0.239076
0.185552
0.996400
0.001914
0.410401
0.829784
0.236807
0.078246
0.002846
0.323775
0.739900
0.286203
0.396005
0.568235
0.677310
0.488061
0.261268
0.472728
0.401437
0.118364
0.567966
0.751147
0.392008
0.019139
0.081736
0.422989
0.801228
0.441303
0.651478
0.056748
0.938860
0.846327
0.500996
0.742048
0.159558
0.429421
0.921846
0.292927
0.948371
0.175751
0.138945
0.004250
0.177793
0.546910
0.121777
0.210491
0.123635
0.316545
0.857694
0.618342
0.261689
0.227992
0.153914
0.972317
0.177071
0.744526
0.150594
0.114522
0.608484
0.465502
0.940905
0.948081
0.052939
0.746013
0.284331
0.008096
0.933919
0.095715
0.341378
0.739696
0.692954
0.151620
0.123313
0.195116
0.311350
0.066755
0.785555
0.097259
0.488389
0.998256
0.420247
0.056862
0.851954
0.156723
0.913869
0.323657
0.078806
0.892662
0.417395
0.440884
0.623725
0.490710
0.679800
0.527092
0.905827
0.612783
0.839967
0.039530
0.922185
0.936672
0.029185
0.714966
0.010699
0.748093
0.836969
0.820462
0.653366
0.197578
0.904477
0.636027
0.632262
0.264649
0.976590
0.488923
0.268026
0.678241
0.844534
0.257479
0.245080
0.053154
0.419601
0.607263
0.877077
0.969346
0.050492
0.375308
0.906106
0.618252
0.789868
0.215978
0.775501
0.319535
0.930546
0.875861
0.009021
0.518959
0.907847
0.244612
0.932113
0.477188
0.482919
0.906931
0.479273
0.607352
0.592704
0.165015
0.412283
0.969453
0.976343
0.131408
0.561717
0.840691
0.564043
0.549455
0.262389
0.497513
0.936775
0.266814
0.505363
0.086754
0.507775
0.571483
0.334318
0.947208
0.931620
0.831824
0.493619
0.595246
0.198799
0.441632
0.163085
0.267918
0.602271
0.712606
0.254863
0.654682
0.881046
0.675828
0.276939
0.620792
0.743039
0.822945
0.848861
0.908617
0.779390
0.655742
0.405191
0.354212
0.863104
0.416139
0.104622
0.252548
0.679411
0.310485
0.344654
0.555729
0.332430
0.320892
0.985073
0.834610
0.928553
0.857292
0.120726
0.086597
0.354314
0.246002
0.398609
0.352348
0.155725
0.892431
0.951628
0.034405
0.421183
0.777140
0.207829
0.404980
0.384488
0.218823
0.922223
0.563360
0.154132
0.086879
0.199718
0.577219
0.071052
0.373075
0.300235
0.044664
0.872769
0.001750
0.895417
0.000891
0.721119
0.728452
0.539510
0.104680
0.006909
0.494387
0.123266
0.759144
0.351503
0.243137
0.031776
0.242219
0.261086
0.855597
0.901339
0.334552
0.221630
0.293516
0.939342
0.311785
0.195465
0.328227
0.998021
0.098215
0.739650
0.031414
0.517061
0.281117
0.825432
0.304619
0.334109
0.006483
0.856987
0.032999
0.951204
0.223740
0.325406
0.702294
0.895078
0.813101
0.704994
0.511847
0.990476
0.741261
0.882650
0.903685
0.405912
0.243995
0.888443
0.540395
0.247060
0.760308
0.022905
0.985042
0.443289
0.378720
0.211544
0.344471
0.037664
0.170511
0.538600
0.548837
0.830204
0.000078
0.625560
0.281118
0.697180
0.458430
0.610933
0.348941
0.360051
0.534415
0.677900
0.769542
0.312954
0.982706
0.878850
0.053219
0.615065
0.123334
0.900368
0.750353
0.782075
0.681534
0.380987
0.639293
0.515135
0.997177
0.736271
0.507721
0.880845
0.597222
0.053004
0.215157
0.308533
0.062915
0.131004
0.277156
0.769950
0.272537
0.632323
0.987011
0.080709
0.494309
0.758873
0.415798
0.249444
0.575659
0.017341
0.918202
0.468918
0.268368
0.673811
0.061247
0.026003
0.422841
0.645585
0.792459
0.176759
0.745852
0.046126
0.361434
0.918979
0.434726
0.448855
0.408525
0.352940
0.445529
0.678697
0.159289
0.506199
0.030022
0.383335
0.215066
0.843843
0.090910
0.823853
0.912805
0.349340
0.211300
0.292045
0.266767
0.202306
0.218489
0.556102
0.951115
0.578840
0.246245
0.083541
0.805904
0.209229
0.741572
0.436691
0.819255
0.646376
0.529956
0.544086
0.843283
0.760091
0.562029
0.358227
0.993233
0.970436
0.763881
0.966729
0.202587
0.754614
0.116126
0.015488
0.008442
0.496088
0.593846
0.737615
0.032426
0.388391
0.404735
0.210095
0.355408
0.838930
0.531824
0.433525
0.516695
0.287719
0.804664
0.387837
0.925115
0.268394
0.327046
0.302301
0.373130
0.984430
0.558219
0.022205
0.157055
0.175228
0.127629
0.014069
0.256420
0.104069
0.405061
0.543646
0.314293
0.839865
0.255762
0.278585
0.313865
0.276851
0.771188
0.762596
0.209586
0.896843
0.522782
0.725923
0.106805
0.989637
0.858145
0.001256
0.299413
0.476564
0.828570
0.221209
0.204794
0.561291
0.440122
0.087295
0.790314
0.402599
0.051996
0.940833
0.137403
0.543926
0.782131
0.609505
0.609706
0.882226
0.478249
0.258316
0.748722
0.393442
0.862575
0.552748
0.039489
0.451903
0.941225
0.612364
0.840023
0.348568
0.731795
0.910335
0.312858
0.553172
0.228783
0.802447
0.714192
0.566665
0.628063
0.212802
0.864888
0.476435
0.225806
0.247779
0.092344
0.848002
0.369079
0.577371
0.565476
0.240863
0.378045
0.924210
0.652714
0.095917
0.042045
0.525330
0.726961
0.671849
0.269616
0.231695
0.146699
0.923486
0.793021
0.801906
0.882386
0.739757
0.004531
0.820244
0.486502
0.505730
0.320111
0.284652
0.896166
0.417567
0.120851
0.319457
0.152771
0.301025
0.095474
0.377198
0.309294
0.216211
0.801111
0.844147
0.742670
0.913160
0.391685
0.224410
0.997683
0.870979
0.032917
0.662790
0.525872
0.084732
0.394995
0.742420
0.591117
0.947056
0.716602
0.410752
0.975730
0.832109
0.687374
0.511539
0.578203
0.998449
0.401626
0.857747
0.631834
0.033529
0.546296
0.311092
0.459669
0.361097
0.170786
0.485381
0.542976
0.289977
0.128427
0.972167
0.240740
0.485214
0.976250
0.606969
0.940760
0.437241
0.250262
0.876553
0.245441
0.301865
0.438176
0.343974
0.895206
0.853239
0.825934
0.818860
0.337391
0.729490
0.036611
0.002508
0.833277
0.177504
0.453096
0.298492
0.185664
0.952785
0.430465
0.550771
0.120657
0.377179
0.634261
0.509918
0.297187
0.786520
0.876305
0.991842
0.117492
0.777479
0.198047
0.559833
0.677748
0.193444
0.329594
0.405002
0.072348
0.435219
0.135918
0.476195
0.822689
0.098572
0.741487
0.660725
0.691057
0.218710
0.607040
0.428771
0.849873
0.816609
0.859259
0.996570
0.855490
0.519876
0.921998
0.406656
0.111993
0.575960
0.195123
0.840729
0.576835
0.377410
0.566932
0.980150
0.579195
0.244796
0.100390
0.484116
0.125500
0.085424
0.540011
0.573750
0.380999
0.536982
0.160403
0.077025
0.885673
0.721620
0.797184
0.599064
0.962005
0.307121
0.189528
0.057461
0.630126
0.191166
0.881815
0.619828
0.864769
0.511442
0.591424
0.026244
0.710563
0.927196
0.019795
0.695256
0.571514
0.755356
0.351646
0.488836
0.467753
0.694281
0.760428
0.945138
0.847864
0.127138
0.163469
0.019243
0.607966
0.149511
0.487945
0.787643
0.227732
0.052489
0.485754
0.155591
0.201106
0.697960
0.157130
0.508211
0.043695
0.278310
0.379596
0.853072
0.747823
0.259373
0.716339
0.034645
0.224826
0.179244
0.770521
0.077778
0.002050
0.432715
0.914413
0.209301
0.677719
0.057536
0.310457
0.936099
0.253160
0.321739
0.176535
0.795386
0.008072
0.634789
0.846814
0.119486
0.548082
0.535397
0.159975
0.792727
0.031349
0.439059
0.082042
0.905142
0.374210
0.202190
0.860073
0.240341
0.699124
0.866414
0.369429
0.927676
0.653826
0.681350
0.385945
0.169385
0.249577
0.870118
0.507297
0.132555
0.414882
0.133630
0.279441
0.666652
0.615281
0.448167
0.293010
0.969362
0.650667
0.066295
0.708033
0.807272
0.695258
0.566792
0.572980
0.423111
0.745859
0.180359
0.148969
0.664145
0.755573
0.028519
0.424230
0.832518
0.751031
0.152962
0.999900
0.775543
0.127938
0.796963
0.459162
0.858896
0.328250
0.788736
0.143355
0.750577
0.854349
0.342234
0.086039
0.807842
0.083831
0.092569
0.711411
0.761208
0.438976
0.373990
0.690604
0.603843
0.608045
0.196617
0.265261
0.857313
0.539786
0.447108
0.601698
0.100777
0.379118
0.283482
0.124565
0.579893
0.861163
0.834015
0.585788
0.053850
0.724780
0.590167
0.527881
0.739793
0.522295
0.769627
0.369544
0.720682
0.382742
0.932049
0.689352
0.791264
0.276854
0.338664
0.798842
0.190357
0.487680
0.525023
0.364895
0.680348
0.670903
0.301302
0.260475
0.599187
0.799936
0.789885
0.314309
0.487650
0.902064
0.793533
0.324382
0.214775
0.490799
0.777873
0.936585
0.651335
0.982032
0.652141
0.765243
0.122674
0.420166
0.038626
0.642904
0.535346
0.119176
0.023916
0.944303
0.967660
0.981482
0.001852
0.614026
0.996696
0.992599
0.061106
0.361168
0.348298
0.963759
0.984948
0.842054
0.294438
0.373417
0.461751
0.288518
0.810372
0.327473
0.019280
0.661079
0.422903
0.297565
0.188304
0.602354
0.095365
0.108534
0.968340
0.355468
0.994318
0.477802
0.758068
0.395383
0.288668
0.818808
0.336225
0.589649
0.128149
0.721861
0.882484
0.835647
0.090662
0.026742
0.139715
0.201064
0.500324
0.445114
0.633179
0.493921
0.692386
0.230453
0.539395
0.436080
0.696636
0.391386
0.210293
0.246043
0.036215
0.007868
0.394612
0.369881
0.310060
0.344955
0.740111
0.948370
0.310260
0.270314
0.445629
0.647898
0.970526
0.669073
0.228834
0.063403
0.158873
0.417262
0.245118
0.595225
0.224746
0.146745
0.481454
0.313878
0.630495
0.481143
0.165054
0.681708
0.491167
0.974036
0.410616
0.830042
0.553539
0.056922
0.612542
0.788388
0.554971
0.417155
0.958876
0.093302
0.835814
0.608213
0.183138
0.934811
0.711354
0.976599
0.422800
0.459931
0.304208
0.548322
0.708972
0.205543
0.302729
0.854125
0.945198
0.411067
0.835892
0.907791
0.286924
0.848789
0.322788
0.660131
0.494063
0.485444
0.682694
0.054514
0.767579
0.685893
0.582605
0.118801
0.024537
0.982189
0.028887
0.909183
0.181035
0.566964
0.059723
0.563222
0.359982
0.472957
0.415094
0.887702
0.023375
0.409106
0.871714
0.392931
0.960252
0.802529
0.074021
0.197507
0.938269
0.752344
0.066346
0.751615
0.310440
0.978160
0.080836
0.845663
0.099025
0.063561
0.887816
0.573825
0.585918
0.545221
0.728033
0.291254
0.454540
0.821053
0.665860
0.455017
0.421580
0.306784
0.562269
0.975935
0.349596
0.693133
0.011523
0.582368
0.472567
0.508140
0.974446
0.627520
0.989884
0.681344
0.608256
0.700126
0.662255
0.598256
0.063615
0.375845
0.327530
0.354879
0.714213
0.059049
0.901076
0.372515
0.518683
0.778632
0.224045
0.044577
0.827157
0.731329
0.038265
0.677601
0.860905
0.654546
0.004346
0.191505
0.639363
0.528451
0.958072
0.715280
0.863573
0.313894
0.228575
0.254240
0.097619
0.555356
0.806870
0.055687
0.280581
0.913298
0.526581
0.973786
0.007960
0.963032
0.925459
0.767500
0.095273
0.216572
0.561553
0.147435
0.076012
0.454845
0.888102
0.966186
0.588183
0.337710
0.950172
0.859495
0.582179
0.968107
0.078262
0.898066
0.174428
0.897257
0.623041
0.386616
0.704901
0.899132
0.560533
0.956467
0.465713
0.674831
0.203543
0.987795
0.110211
0.284185
0.522281
0.271962
0.099070
0.552740
0.740184
0.392057
0.380037
0.619424
0.628162
0.804250
0.176185
0.294244
0.258936
0.630921
0.610128
0.051561
0.278683
0.250251
0.559383
0.553375
0.829006
0.616969
0.093694
0.722249
0.156272
0.718267
0.964607
0.323215
0.097706
0.335296
0.363996
0.305631
0.952092
0.048805
0.044284
0.308540
0.267876
0.035046
0.765360
0.595767
0.318566
0.197762
0.163282
0.839702
0.662231
0.476710
0.657385
0.406382
0.433136
0.682878
0.348604
0.294572
0.019040
0.739631
0.295570
0.468625
0.301272
0.593910
0.969927
0.443109
0.394411
0.333848
0.919322
0.450441
0.154042
0.984646
0.422936
0.982869
0.204613
0.223909
0.794974
0.026651
0.924024
0.004705
0.515134
0.610226
0.746925
0.111916
0.244914
0.727076
0.309168
0.153990
0.743678
0.996857
0.803188
0.864752
0.311979
0.091696
0.462716
0.755659
0.278147
0.779465
0.357783
0.209892
0.212705
0.660390
0.154484
0.803802
0.850581
0.579349
0.074054
0.226686
0.232622
0.958655
0.574772
0.477938
0.931220
0.140796
0.824543
0.647065
0.213665
0.248867
0.835292
0.824156
0.440345
0.958367
0.569047
0.525276
0.261173
0.324507
0.177615
0.270310
0.350280
0.735885
0.297685
0.544595
0.531735
0.588111
0.372033
0.413084
0.483390
0.181377
0.409974
0.574485
0.952131
0.490776
0.286551
0.356763
0.871244
0.552701
0.565980
0.780975
0.808385
0.983207
0.424903
0.828997
0.118901
0.478004
0.611294
0.882969
0.702290
0.386003
0.261365
0.057418
0.549450
0.918041
0.809855
0.941974
0.612874
0.273908
0.932230
0.828129
0.350440
0.924414
0.539631
0.867035
0.189410
0.700796
0.824021
0.645291
0.121126
0.541482
0.226337
0.471876
0.843042
0.655333
0.653440
0.748466
0.108650
0.657775
0.970681
0.231410
0.010282
0.798513
0.367190
0.649065
0.357615
0.843523
0.125326
0.591923
0.236616
0.941495
0.297161
0.078543
0.639928
0.860433
0.445976
0.006397
0.792075
0.560444
0.749629
0.350529
0.577135
0.475268
0.883543
0.294288
0.713018
0.098332
0.151746
0.649310
0.173712
0.879005
0.344660
0.622738
0.022771
0.735252
0.704421
0.544850
0.429389
0.865203
0.531730
0.836637
0.738064
0.324999
0.167730
0.292483
0.599778
0.301045
0.170845
0.398027
0.998488
0.010764
0.290216
0.365440
0.624363
0.285835
0.909488
0.648423
0.181825
0.378159
0.216277
0.626111
0.370158
0.628840
0.431957
0.126672
0.408516
0.292748
0.855454
0.062235
0.498290
0.673041
0.343662
0.399222
0.013946
0.755419
0.797703
0.820338
0.382438
0.341446
0.350421
0.951552
0.939315
0.811826
0.941320
0.577089
0.344227
0.389236
0.203334
0.304578
0.484165
0.531568
0.252305
0.425597
0.719259
0.767510
0.527651
0.837872
0.131368
0.888826
0.861852
0.021978
0.127040
0.407983
0.660334
0.463875
0.535197
0.846258
0.996439
0.393147
0.554761
0.805884
0.612399
0.600028
0.910313
0.918666
0.863510
0.717532
0.582883
0.965985
0.333901
0.250631
0.134905
0.694547
0.609480
0.638122
0.381953
0.719110
0.116839
0.000236
0.941653
0.552787
0.416302
0.046375
0.638120
0.796053
0.235557
0.144704
0.335346
0.950589
0.519411
0.422643
0.149219
0.562891
0.194346
0.457722
0.205801
0.145612
0.667402
0.430731
0.591139
0.389734
0.116408
0.988082
0.492657
0.512085
0.047652
0.163025
0.669273
0.100327
0.528424
0.427176
0.443469
0.684663
0.960921
0.677415
0.226098
0.460589
0.335429
0.765498
0.460112
0.702401
0.535613
0.245538
0.245727
0.168950
0.360669
0.613684
0.877754
0.581943
0.634624
0.883882
0.020741
0.134104
0.627181
0.041365
0.604860
0.473060
0.098074
0.151956
0.828430
0.433159
0.406180
0.358189
0.948127
0.491881
0.378579
0.330368
0.553115
0.277883
0.350898
0.467807
0.668671
0.249893
0.274670
0.926524
0.572742
0.793049
0.289008
0.157937
0.891241
0.669563
0.884645
0.173664
0.927486
0.141044
0.516893
0.611882
0.721912
0.482967
0.252720
0.650607
0.206827
0.676551
0.191216
0.440256
0.550298
0.103404
0.955322
0.439971
0.192848
0.547733
0.412883
0.665606
0.486981
0.436213
0.567295
0.997382
0.046113
0.407971
0.053687
0.080856
0.098619
0.962525
0.005184
0.979588
0.548486
0.733246
0.993025
0.382439
0.048466
0.640154
0.575602
0.973316
0.473911
0.665853
0.042756
0.820261
0.654683
0.579558
0.292620
0.176741
0.911816
0.414339
0.733128
0.253226
0.546044
0.792381
0.377087
0.172885
0.618865
0.375702
0.577046
0.735836
0.710216
0.575987
0.708125
0.011828
0.954191
0.768562
0.237288
0.620874
0.037365
0.397760
0.644493
0.664843
0.067510
0.174707
0.093166
0.394206
0.415148
0.844199
0.412129
0.937084
0.988552
0.957730
0.202413
0.893433
0.557028
0.441968
0.705039
0.213177
0.723876
0.898724
0.058126
0.534600
0.196466
0.809566
0.395176
0.397619
0.148890
0.229901
0.050547
0.536480
0.727650
0.250953
0.635996
0.720357
0.348929
0.846716
0.082499
0.824566
0.962023
0.113878
0.292833
0.806909
0.115214
0.309024
0.577804
0.354845
0.749504
0.596023
0.719600
0.556496
0.332046
0.658875
0.013062
0.268790
0.889536
0.653935
0.214654
0.215494
0.147598
0.617240
0.587519
0.792909
0.405737
0.448691
0.262097
0.534578
0.224165
0.024335
0.419660
0.395316
0.975586
0.515871
0.073251
0.343003
0.322486
0.759344
0.160620
0.794721
0.144608
0.891391
0.750634
0.989434
0.329868
0.466303
0.179254
0.665455
0.457179
0.775926
0.673025
0.798573
0.111793
0.159547
0.039961
0.541977
0.397479
0.419054
0.977435
0.154076
0.924330
0.745241
0.291531
0.770379
0.703827
0.719884
0.257477
0.757528
0.622823
0.232608
0.991646
0.914420
0.197920
0.864948
0.467785
0.124172
0.246041
0.389848
0.590407
0.109802
0.894733
0.641886
0.093628
0.223575
0.215827
0.778545
0.656443
0.306845
0.943009
0.189771
0.776271
0.305577
0.004979
0.087821
0.593612
0.410546
0.593096
0.365952
0.792015
0.341116
0.318919
0.190962
0.118271
0.042651
0.375361
0.635501
0.229489
0.509599
0.647325
0.549324
0.552955
0.736281
0.341499
0.509871
0.731930
0.755783
0.839773
0.489612
0.391863
0.796399
0.337079
0.864262
0.370320
0.311177
0.389414
0.354308
0.494371
0.294769
0.127580
0.225024
0.529120
0.644956
0.372215
0.307180
0.104082
0.492501
0.193711
0.919731
0.547976
0.017360
0.166652
0.556895
0.197903
0.904756
0.907699
0.642053
0.238118
0.593918
0.704511
0.732575
0.280801
0.645042
0.458680
0.369633
0.656123
0.846047
0.894144
0.065517
0.352146
0.494848
0.205637
0.232887
0.319968
0.899064
0.798469
0.158979
0.814709
0.778856
0.368955
0.801313
0.118044
0.971626
0.346213
0.336636
0.034000
0.473739
0.821159
0.482946
0.505425
0.725002
0.170197
0.044366
0.219201
0.465805
0.930657
0.906977
0.451499
0.114527
0.585840
0.713924
0.320934
0.109729
0.042357
0.054504
0.971682
0.176180
0.920366
0.655035
0.751217
0.845109
0.985176
0.398034
0.957921
0.689984
0.978808
0.431712
0.890593
0.448130
0.380475
0.174157
0.974065
0.199708
0.366907
0.105150
0.409608
0.271277
0.813575
0.776113
0.174200
0.615990
0.692389
0.591317
0.694831
0.579448
0.857851
0.338776
0.745312
0.844544
0.360934
0.484819
0.507230
0.656309
0.819162
0.897432
0.927479
0.501680
0.138059
0.151534
0.053709
0.008676
0.071123
0.584121
0.592274
0.083699
0.418075
0.865264
0.305864
0.263362
0.305313
0.134532
0.274812
0.845739
0.953281
0.161981
0.962677
0.054443
0.311882
0.923861
0.097017
0.289818
0.280459
0.927313
0.117388
0.481479
0.391630
0.040466
0.423181
0.371507
0.866950
0.515796
0.523238
0.893658
0.653796
0.896793
0.093095
0.519746
0.891274
0.181976
0.772168
0.581443
0.939298
0.018614
0.633074
0.753789
0.575175
0.498390
0.859961
0.504644
0.293037
0.679405
0.336444
0.177184
0.561366
0.325659
0.611615
0.456192
0.946031
0.411359
0.563029
0.231583
0.970343
0.757428
0.915665
0.113972
0.776951
0.982429
0.013586
0.704782
0.518505
0.306899
0.917399
0.679235
0.105803
0.384236
0.450582
0.717400
0.863376
0.960517
0.334826
0.547571
0.889017
0.287048
0.193916
0.846252
0.479573
0.453427
0.399314
0.961338
0.973998
0.116511
0.575842
0.846278
0.891099
0.428714
0.632424
0.896936
0.652607
0.970929
0.853377
0.266824
0.726968
0.459955
0.391345
0.386063
0.728315
0.630840
0.377991
0.451822
0.611959
0.122465
0.904460
0.011014
0.738918
0.616472
0.285913
0.193613
0.977621
0.326858
0.706781
0.399910
0.330850
0.959326
0.201504
0.140706
0.335517
0.350807
0.360193
0.361537
0.290397
0.071535
0.749914
0.777485
0.086252
0.244441
0.323374
0.776069
0.863825
0.769355
0.642891
0.933922
0.796637
0.815802
0.782223
0.529433
0.361442
0.295611
0.304493
0.634532
0.082635
0.749063
0.340024
0.491040
0.955265
0.941210
0.846931
0.938363
0.704055
0.122086
0.055947
0.178176
0.253409
0.906513
0.130230
0.577866
0.589095
0.608207
0.334723
0.349044
0.380994
0.199766
0.512753
0.153486
0.520164
0.316080
0.450087
0.720714
0.616281
0.719451
0.727022
0.798897
0.993922
0.297758
0.620258
0.937576
0.832709
0.971365
0.953747
0.587824
0.369249
0.664651
0.145880
0.022774
0.409585
0.466831
0.035012
0.812475
0.886635
0.247004
0.279597
0.247570
0.313907
0.311323
0.190420
0.664405
0.654044
0.123458
0.157220
0.464830
0.220172
0.537742
0.738904
0.732515
0.374067
0.066476
0.292850
0.656771
0.398312
0.759404
0.023560
0.377027
0.283012
0.916311
0.521686
0.735097
0.985177
0.755799
0.439259
0.364133
0.867297
0.258147
0.660035
0.711614
0.537796
0.933108
0.489616
0.303903
0.927156
0.229098
0.991188
0.763201
0.118707
0.106359
0.740110
0.321618
0.034675
0.603290
0.750484
0.816615
0.865270
0.406406
0.767364
0.316735
0.847109
0.682555
0.355771
0.002651
0.353875
0.284675
0.452991
0.053417
0.415516
0.532105
0.152270
0.041508
0.806421
0.504544
0.359464
0.599720
0.639995
0.286973
0.168490
0.660212
0.007169
0.103194
0.588890
0.501850
0.172693
0.654504
0.920700
0.245662
0.344983
0.059358
0.217253
0.449866
0.220608
0.705711
0.033822
0.758733
0.677452
0.324037
0.954940
0.662214
0.945009
0.695145
0.341449
0.818673
0.179747
0.781885
0.877523
0.015920
0.195395
0.053399
0.691122
0.360839
0.229210
0.210649
0.109053
0.696996
0.754962
0.749869
0.916465
0.610892
0.636103
0.812500
0.540402
0.834653
0.816536
0.921391
0.334559
0.548055
0.411972
0.242707
0.870349
0.703732
0.336554
0.461302
0.676908
0.955347
0.701220
0.322437
0.297156
0.365482
0.471867
0.434627
0.481562
0.576817
0.032864
0.813494
0.271516
0.229391
0.434042
0.988029
0.176988
0.540571
0.302656
0.569598
0.270786
0.323022
0.876525
0.248173
0.312896
0.369611
0.358527
0.699950
0.461921
0.943490
0.833875
0.006602
0.523807
0.365125
0.458207
0.051422
0.197652
0.741370
0.980331
0.095381
0.895677
0.929768
0.487130
0.699402
0.758769
0.307986
0.876530
0.902331
0.118342
0.162293
0.715824
0.934089
0.265358
0.853821
0.347994
0.378723
0.114730
0.394053
0.042189
0.190825
0.149479
0.790285
0.670846
0.306451
0.342795
0.188694
0.598961
0.450539
0.538720
0.945263
0.266660
0.971337
0.058487
0.141263
0.634741
0.246990
0.050388
0.424747
0.949029
0.363190
0.547258
0.683917
0.240131
0.629989
0.475721
0.710747
0.112678
0.310967
0.812896
0.984554
0.114464
0.202001
0.825989
0.425039
0.224558
0.927945
0.783473
0.515622
0.106376
0.583717
0.319536
0.766852
0.236483
0.845986
0.301411
0.440520
0.722922
0.116089
0.129887
0.333485
0.535098
0.544288
0.376095
0.539057
0.584158
0.163717
0.335217
0.705777
0.965680
0.010907
0.073014
0.635083
0.709119
0.922622
0.109491
0.507859
0.916518
0.538548
0.925080
0.782069
0.273434
0.146958
0.836034
0.029615
0.650854
0.342965
0.543929
0.748912
0.735586
0.286008
0.119079
0.729579
0.242071
0.484760
0.277987
0.451234
0.392479
0.107492
0.496824
0.413445
0.120459
0.290723
0.085359
0.816645
0.713423
0.775756
0.088780
0.891578
0.175702
0.159991
0.802280
0.056408
0.340315
0.863196
0.532076
0.146335
0.909727
0.876927
0.161079
0.699007
0.897575
0.307499
0.130664
0.004936
0.372386
0.250066
0.247243
0.455799
0.557624
0.883082
0.561704
0.394266
0.269579
0.753563
0.826285
0.219028
0.768820
0.889042
0.796420
0.344321
0.564577
0.485767
0.894809
0.267475
0.843237
0.810637
0.807811
0.231862
0.764162
0.704400
0.052811
0.564609
0.868737
0.241572
0.325658
0.491556
0.343203
0.673740
0.266711
0.108044
0.554397
0.980844
0.476403
0.995051
0.194734
0.250530
0.883013
0.824133
0.390902
0.301578
0.995608
0.590398
0.220406
0.515555
0.369838
0.805053
0.841275
0.099806
0.374248
0.102557
0.493152
0.643782
0.304221
0.145398
0.725860
0.538251
0.219022
0.638560
0.530435
0.873531
0.772070
0.005105
0.994355
0.806503
0.519121
0.079329
0.672184
0.916175
0.515357
0.771651
0.971440
0.551370
0.992486
0.750960
0.348697
0.245939
0.666547
0.880716
0.799670
0.952657
0.375218
0.063476
0.207946
0.111088
0.937350
0.741164
0.577020
0.794155
0.002909
0.754879
0.174918
0.731872
0.739035
0.923963
0.565407
0.346917
0.713674
0.891000
0.714237
0.535418
0.584416
0.683589
0.643879
0.630528
0.089996
0.126271
0.031833
0.985474
0.607126
0.774839
0.278802
0.284220
0.800617
0.811832
0.764022
0.205670
0.475279
0.188544
0.824228
0.912715
0.658049
0.339885
0.476575
0.195602
0.256353
0.396717
0.134407
0.787041
0.394689
0.021341
0.486726
0.268007
0.924661
0.165258
0.612763
0.666778
0.312074
0.637659
0.205079
0.619692
0.938708
0.562145
0.534712
0.160672
0.094592
0.933301
0.704196
0.697612
0.096805
0.988918
0.866856
0.311614
0.141030
0.745017
0.486680
0.332630
0.312099
0.154851
0.211959
0.735772
0.960605
0.411877
0.713763
0.473870
0.288194
0.161946
0.660191
0.128681
0.127172
0.496547
0.554438
0.057201
0.912367
0.081488
0.760356
0.691016
0.844523
0.277053
0.791049
0.093789
0.118780
0.339273
0.561788
0.984483
0.290397
0.367800
0.072642
0.649219
0.073574
0.020113
0.619673
0.071670
0.463293
0.499154
0.613922
0.616424
0.274615
0.872554
0.885595
0.832985
0.598765
0.463966
0.145845
0.826801
0.801754
0.628266
0.036311
0.497869
0.978588
0.933328
0.021190
0.578734
0.230367
0.008798
0.062833
0.931899
0.612973
0.400360
0.159303
0.409269
0.205641
0.828329
0.701162
0.085187
0.297244
0.514479
0.917628
0.278822
0.827184
0.701664
0.906985
0.030553
0.029323
0.870195
0.186910
0.592532
0.569851
0.974714
0.166388
0.688356
0.364421
0.999681
0.017211
0.483825
0.848751
0.357607
0.787492
0.902541
0.824302
0.072807
0.445329
0.390349
0.911954
0.904059
0.759613
0.605114
0.868899
0.864819
0.982138
0.059504
0.073346
0.163520
0.327809
0.007963
0.713128
0.926495
0.202599
0.956388
0.940597
0.364825
0.160869
0.894010
0.117372
0.466358
0.897858
0.747499
0.556736
0.400328
0.549575
0.693224
0.502458
0.858154
0.168837
0.962247
0.792228
0.394050
0.181576
0.974441
0.656076
0.618408
0.856272
0.895535
0.846170
0.650745
0.840942
0.140280
0.361718
0.430738
0.202006
0.077025
0.181593
0.636115
0.505671
0.222750
0.946460
0.851689
0.670128
0.416107
0.502370
0.984745
0.210736
0.992378
0.429462
0.991948
0.443711
0.316605
0.928810
0.652752
0.917048
0.885674
0.461486
0.084111
0.493683
0.261962
0.084274
0.419796
0.934583
0.405406
0.313460
0.917933
0.563245
0.069022
0.402525
0.926126
0.783681
0.010494
0.829048
0.353613
0.618903
0.072772
0.410267
0.687540
0.040569
0.080261
0.740213
0.446133
0.813729
0.451750
0.905354
0.605259
0.254114
0.085792
0.187596
0.868455
0.980346
0.436828
0.975015
0.169183
0.564207
0.389200
0.105553
0.280098
0.294061
0.967099
0.491689
0.283025
0.824948
0.166018
0.571801
0.556564
0.341388
0.190842
0.169794
0.876047
0.302393
0.760995
0.024618
0.540810
0.684063
0.659037
0.134495
0.414923
0.127968
0.191599
0.089947
0.890311
0.259381
0.117809
0.106769
0.256752
0.355011
0.556563
0.911864
0.368298
0.262868
0.391679
0.635942
0.186626
0.619436
0.207532
0.658789
0.733905
0.997312
0.479368
0.083994
0.319983
0.828879
0.155974
0.293021
0.369239
0.683006
0.528788
0.547104
0.269260
0.508388
0.209276
0.956353
0.495970
0.389582
0.163590
0.729483
0.059628
0.630810
0.506378
0.513047
0.097279
0.500510
0.350818
0.600911
0.998511
0.491826
0.687440
0.715167
0.358982
0.582742
0.561973
0.788897
0.000679
0.754710
0.165123
0.431260
0.718295
0.188633
0.681466
0.811271
0.642598
0.559011
0.953960
0.304704
0.810337
0.261130
0.890571
0.198676
0.536289
0.644765
0.785765
0.821988
0.254443
0.882371
0.314196
0.483497
0.048326
0.803460
0.596972
0.567453
0.069512
0.664254
0.007032
0.085228
0.809913
0.404763
0.819006
0.253607
0.968820
0.293240
0.751382
0.398476
0.811487
0.686119
0.525408
0.770251
0.490109
0.653691
0.410194
0.995543
0.011613
0.735684
0.755489
0.337859
0.432299
0.563776
0.140029
0.104676
0.164032
0.908843
0.294734
0.934047
0.943317
0.723164
0.325264
0.438515
0.420028
0.532921
0.495235
0.224701
0.401277
0.343561
0.965743
0.403442
0.572253
0.281789
0.085861
0.344618
0.450127
0.451475
0.733034
0.404900
0.665645
0.475092
0.531682
0.162270
0.593403
0.773031
0.942838
0.483559
0.776758
0.254397
0.293998
0.122268
0.416947
0.862621
0.643999
0.434955
0.227590
0.543872
0.602348
0.402292
0.959075
0.213450
0.668247
0.035230
0.375172
0.117495
0.004552
0.507071
0.478198
0.229686
0.142037
0.579557
0.652667
0.514330
0.481892
0.366795
0.466051
0.547086
0.163296
0.878126
0.255557
0.826258
0.955900
0.128194
0.186704
0.410598
0.107557
0.361801
0.976660
0.348460
0.363907
0.761331
0.313914
0.221239
0.934796
0.797179
0.332044
0.084268
0.936808
0.216758
0.010268
0.825779
0.768253
0.840656
0.591012
0.351849
0.383229
0.687113
0.076154
0.587961
0.659331
0.380465
0.594945
0.589398
0.778670
0.278880
0.359135
0.453010
0.950171
0.368973
0.479130
0.558694
0.671405
0.446486
0.375123
0.727942
0.305450
0.770053
0.839964
0.559109
0.531863
0.820942
0.701999
0.578224
0.046701
0.363844
0.804764
0.860762
0.226226
0.603580
0.285115
0.869743
0.717127
0.847246
0.482803
0.785002
0.368797
0.240914
0.784615
0.969196
0.838228
0.220103
0.694190
0.764206
0.608181
0.299731
0.710634
0.976643
0.590345
0.440617
0.214644
0.741231
0.509566
0.862797
0.724964
0.793198
0.511532
0.495741
0.533521
0.218322
0.855587
0.421695
0.166169
0.102040
0.094265
0.912187
0.127585
0.553731
0.503828
0.844247
0.994748
0.721936
0.636827
0.309549
0.700828
0.254946
0.355603
0.055576
0.374934
0.582653
0.458333
0.910690
0.863461
0.300171
0.008704
0.160297
0.402770
0.701213
0.557260
0.398257
0.214567
0.825131
0.844304
0.822275
0.979544
0.225254
0.908018
0.343873
0.736282
0.505695
0.027354
0.194893
0.952009
0.572734
0.259509
0.411638
0.717240
0.924378
0.840811
0.524157
0.531590
0.418706
0.521277
0.095770
0.574309
0.902447
0.558433
0.593628
0.467710
0.573471
0.980229
0.394665
0.000583
0.459842
0.116296
0.758549
0.902569
0.529998
0.452933
0.680812
0.997897
0.776548
0.785612
0.405236
0.604809
0.592296
0.479456
0.679032
0.056067
0.728568
0.493239
0.800255
0.198224
0.224101
0.723549
0.280231
0.652302
0.471916
0.404384
0.194124
0.647461
0.769210
0.498856
0.632119
0.515384
0.520609
0.001229
0.624468
0.175743
0.994294
0.564245
0.865581
0.916309
0.278441
0.366527
0.081492
0.060222
0.565948
0.485405
0.515779
0.953312
0.403871
0.953148
0.679678
0.447451
0.157297
0.373985
0.783788
0.533567
0.944489
0.791345
0.425408
0.843302
0.122874
0.824411
0.031661
0.668495
0.453211
0.015390
0.267720
0.095301
0.892206
0.678840
0.308204
0.460249
0.376492
0.036545
0.757870
0.790596
0.761642
0.647453
0.052706
0.248463
0.573847
0.914607
0.178856
0.724711
0.727501
0.289410
0.297602
0.646634
0.842528
0.155473
0.604137
0.727513
0.040107
0.709631
0.738578
0.030252
0.934780
0.634536
0.258439
0.613586
0.996455
0.702969
0.799967
0.291034
0.263024
0.865209
0.261809
0.350580
0.612366
0.775366
0.578879
0.680396
0.469333
0.456372
0.796894
0.850877
0.926421
0.573164
0.779232
0.778057
0.505732
0.319393
0.999694
0.679790
0.556739
0.696033
0.057217
0.485264
0.243994
0.683424
0.699371
0.979090
0.667382
0.292108
0.902045
0.192010
0.468953
0.649745
0.980788
0.549996
0.337627
0.631353
0.490557
0.103544
0.073861
0.191441
0.191241
0.747551
0.063907
0.886297
0.526276
0.797096
0.247114
0.124620
0.174435
0.932798
0.949120
0.183392
0.612839
0.659172
0.562557
0.812929
0.540760
0.998246
0.637206
0.525742
0.789368
0.681720
0.285126
0.035730
0.340175
0.593476
0.711588
0.421315
0.117487
0.611935
0.516122
0.333766
0.160532
0.137997
0.311553
0.162724
0.763606
0.114637
0.772485
0.531072
0.518536
0.625930
0.779430
0.902395
0.173946
0.485134
0.822473
0.041850
0.388264
0.081534
0.153253
0.939562
0.857091
0.203718
0.584150
0.242352
0.713672
0.516218
0.887017
0.412774
0.209974
0.875586
0.245735
0.244438
0.255461
0.862408
0.206525
0.440584
0.191032
0.915591
0.694966
0.439661
0.342887
0.717668
0.463931
0.755960
0.846883
0.588758
0.573665
0.837015
0.838547
0.606201
0.197619
0.323145
0.778740
0.623903
0.435947
0.743612
0.853351
0.548085
0.429887
0.598253
0.046440
0.560091
0.742353
0.253885
0.258228
0.933871
0.389722
0.362583
0.433463
0.041610
0.918079
0.305005
0.608271
0.765828
0.784062
0.826663
0.542796
0.868481
0.041583
0.379020
0.768485
0.868360
0.033514
0.033335
0.735901
0.659465
0.050768
0.605311
0.306018
0.323540
0.168181
0.376880
0.927013
0.671838
0.927767
0.807142
0.964272
0.215664
0.627238
0.185834
0.020264
0.930630
0.688331
0.623599
0.766108
0.615232
0.546353
0.962599
0.445900
0.376646
0.675176
0.124539
0.660454
0.560219
0.689867
0.260188
0.308490
0.931845
0.168207
0.296319
0.227956
0.815986
0.253366
0.552502
0.757207
0.637624
0.858800
0.697671
0.726573
0.446891
0.505374
0.587075
0.511226
0.688481
0.538034
0.027290
0.275864
0.209936
0.886944
0.803671
0.459652
0.547208
0.027472
0.664672
0.769457
0.346204
0.625011
0.435854
0.480685
0.578399
0.903003
0.270695
0.313067
0.806147
0.747328
0.431761
0.638973
0.321760
0.171264
0.925342
0.687111
0.593295
0.871516
0.510991
0.374270
0.077298
0.604506
0.651906
0.985534
0.699608
0.460784
0.258063
0.673641
0.743550
0.587131
0.447017
0.773676
0.178721
0.006108
0.945352
0.533276
0.203964
0.142365
0.952524
0.833669
0.777403
0.514430
0.202438
0.810620
0.470210
0.580071
0.100225
0.894432
0.751172
0.004421
0.936651
0.623857
0.087877
0.716026
0.357949
0.400271
0.497198
0.045863
0.111828
0.504606
0.798920
0.237808
0.673230
0.757939
0.040585
0.866184
0.538579
0.061490
0.679309
0.042265
0.944824
0.215149
0.237205
0.535413
0.731121
0.445576
0.248302
0.495677
0.418138
0.778038
0.762756
0.230949
0.948588
0.159838
0.396132
0.997605
0.643849
0.086805
0.308083
0.237591
0.823652
0.632121
0.488609
0.870232
0.422299
0.422480
0.670553
0.282016
0.471576
0.143801
0.612091
0.708339
0.533388
0.921768
0.447740
0.337979
0.904832
0.647091
0.219472
0.379268
0.517987
0.686134
0.468769
0.922815
0.550298
0.924256
0.541356
0.507991
0.692488
0.580507
0.524669
0.413237
0.333857
0.489336
0.345700
0.524338
0.602424
0.595731
0.621654
0.834413
0.348260
0.124390
0.632374
0.941098
0.611830
0.879561
0.330257
0.442076
0.229490
0.961551
0.814594
0.159774
0.993525
0.254130
0.593344
0.763945
0.413632
0.820426
0.132474
0.105605
0.662332
0.014793
0.606291
0.092896
0.810885
0.372440
0.697085
0.739045
0.393189
0.081320
0.899461
0.603170
0.654484
0.070178
0.614587
0.457992
0.019883
0.455020
0.171676
0.307820
0.997368
0.837049
0.073620
0.496406
0.024957
0.400365
0.135095
0.086396
0.906119
0.786836
0.208910
0.131500
0.298336
0.811170
0.196607
0.378147
0.334386
0.163664
0.222501
0.125887
0.509174
0.328588
0.658020
0.430390
0.418488
0.208454
0.395384
0.491779
0.680303
0.761398
0.115798
0.586058
0.790949
0.632501
0.633200
0.087437
0.752978
0.371165
0.285107
0.938806
0.729450
0.553816
0.436701
0.980048
0.677435
0.937606
0.184771
0.768952
0.474041
0.670519
0.902017
0.797532
0.308039
0.755012
0.664697
0.695339
0.870689
0.513927
0.322612
0.469525
0.675300
0.496256
0.895932
0.932027
0.102624
0.362447
0.044157
0.517746
0.330814
0.213240
0.311543
0.933112
0.595568
0.806747
0.193606
0.411925
0.268760
0.322008
0.894364
0.969463
0.596565
0.777978
0.814325
0.574014
0.624694
0.074407
0.241251
0.839146
0.485505
0.019641
0.272090
0.166829
0.610395
0.089302
0.283274
0.930307
0.485601
0.838407
0.767756
0.709333
0.211167
0.422605
0.823833
0.882791
0.896066
0.229083
0.388574
0.746091
0.284171
0.238330
0.453814
0.949909
0.494680
0.238573
0.235344
0.947031
0.627212
0.185251
0.950343
0.476399
0.548007
0.148202
0.595179
0.934015
0.910478
0.939625
0.570040
0.411576
0.622348
0.380800
0.718825
0.589282
0.050135
0.381292
0.133270
0.842010
0.867978
0.842720
0.962238
0.235070
0.477384
0.410934
0.345425
0.127857
0.828777
0.531552
0.983148
0.034061
0.902433
0.398544
0.785889
0.303001
0.542208
0.796179
0.198210
0.985852
0.881189
0.001294
0.848960
0.729951
0.602560
0.477654
0.166458
0.700453
0.162254
0.462385
0.533559
0.226421
0.969657
0.687585
0.039384
0.299451
0.285714
0.448435
0.910769
0.049050
0.637784
0.342030
0.691051
0.241196
0.888747
0.912061
0.073184
0.352774
0.054292
0.920470
0.354689
0.953120
0.935413
0.131546
0.122852
0.800151
0.985463
0.104553
0.383626
0.155760
0.150090
0.656430
0.701949
0.069646
0.459308
0.844274
0.112792
0.108852
0.194059
0.300471
0.775888
0.585690
0.895054
0.378617
0.038386
0.385401
0.986444
0.103236
0.343771
0.536004
0.488016
0.233956
0.561994
0.460773
0.095892
0.009649
0.682915
0.491900
0.356478
0.052803
0.810224
0.499031
0.710831
0.485866
0.798507
0.022684
0.491536
0.226133
0.574542
0.419454
0.940923
0.168221
0.387734
0.306949
0.243701
0.710072
0.334291
0.169567
0.271926
0.336998
0.541596
0.573834
0.257064
0.228059
0.079328
0.000950
0.827865
0.494414
0.661293
0.070963
0.601673
0.884542
0.408851
0.077789
0.699412
0.950843
0.764944
0.875198
0.605831
0.677411
0.119801
0.549511
0.905732
0.219036
0.391323
0.391864
0.944954
0.141612
0.531716
0.535138
0.227439
0.537532
0.511485
0.701286
0.807378
0.504180
0.352492
0.315401
0.907184
0.028390
0.361005
0.018877
0.303883
0.256126
0.420224
0.199424
0.587724
0.114918
0.468114
0.894694
0.007221
0.642335
0.317225
0.396063
0.066653
0.614994
0.934184
0.606459
0.225031
0.080740
0.561399
0.641030
0.984460
0.130439
0.495662
0.440899
0.403579
0.942258
0.603518
0.328705
0.886462
0.858797
0.131071
0.445155
0.819177
0.390405
0.484069
0.630969
0.171195
0.246517
0.576491
0.121736
0.105637
0.996128
0.834945
0.271902
0.716579
0.829247
0.607393
0.827877
0.588110
0.596538
0.394605
0.122347
0.572820
0.345629
0.065857
0.106035
0.914287
0.750027
0.918212
0.520759
0.655373
0.702707
0.594311
0.342793
0.791326
0.957144
0.487689
0.593035
0.811445
0.694564
0.347607
0.542810
0.257725
0.014599
0.358020
0.415653
0.907492
0.004350
0.649498
0.684960
0.940658
0.329055
0.000624
0.150095
0.849251
0.912356
0.174573
0.157190
0.670544
0.091319
0.647551
0.798120
0.363136
0.314140
0.582804
0.348088
0.439386
0.814524
0.077138
0.017547
0.074953
0.320621
0.871784
0.998246
0.220008
0.335195
0.292285
0.073882
0.155234
0.303530
0.998818
0.323235
0.068817
0.425955
0.713089
0.601984
0.277328
0.011166
0.187826
0.446834
0.520064
0.567036
0.314720
0.321391
0.563125
0.321245
0.239784
0.135605
0.889869
0.725011
0.667232
0.435356
0.840415
0.648198
0.572982
0.230388
0.068343
0.432350
0.799019
0.627523
0.755965
0.803562
0.002112
0.956285
0.994197
0.775038
0.754649
0.148591
0.922303
0.710536
0.025837
0.757925
0.379226
0.956331
0.207601
0.201384
0.671990
0.211259
0.956960
0.219155
0.553357
0.540924
0.900023
0.985575
0.300553
0.160053
0.540785
0.751581
0.441139
0.364128
0.351966
0.421231
0.294256
0.936654
0.538681
0.952990
0.803901
0.527520
0.965275
0.077353
0.320326
0.999593
0.889235
0.281365
0.165211
0.380088
0.506788
0.940194
0.158624
0.124748
0.716732
0.972320
0.748895
0.086424
0.006772
0.951145
0.264517
0.139278
0.758226
0.002704
0.760947
0.207765
0.938433
0.156280
0.333295
0.019188
0.237241
0.242929
0.685303
0.854208
0.021963
0.106007
0.037264
0.812410
0.148504
0.428555
0.231902
0.243829
0.127618
0.546938
0.658397
0.420887
0.830936
0.369850
0.227516
0.688210
0.402504
0.784563
0.890358
0.480233
0.523906
0.368736
0.837933
0.164416
0.865561
0.018177
0.692051
0.766515
0.220523
0.265456
0.918960
0.354820
0.184013
0.817360
0.564006
0.985831
0.867346
0.607565
0.852064
0.970120
0.006601
0.188283
0.290151
0.461018
0.370541
0.905815
0.394149
0.139485
0.378379
0.898846
0.031599
0.373433
0.252366
0.800769
0.464382
0.802475
0.054804
0.487083
0.091572
0.894835
0.760332
0.525864
0.380396
0.306729
0.957310
0.251829
0.667445
0.785775
0.188862
0.819716
0.937613
0.272270
0.355999
0.859244
0.645739
0.348382
0.203156
0.626076
0.826838
0.192141
0.486289
0.549236
0.531147
0.443519
0.840857
0.597328
0.887982
0.366276
0.413508
0.888149
0.493906
0.907840
0.065020
0.577024
0.025045
0.270991
0.358839
0.860410
0.226240
0.016816
0.174151
0.231818
0.523638
0.219444
0.393293
0.936316
0.537672
0.268944
0.890466
0.745955
0.660632
0.896942
0.987040
0.884222
0.581061
0.589688
0.960386
0.034426
0.712178
0.229824
0.758603
0.350808
0.184862
0.906628
0.044013
0.704729
0.328462
0.917089
0.836405
0.315746
0.506546
0.829367
0.903218
0.823349
0.768182
0.049779
0.162239
0.032318
0.237001
0.442415
0.425788
0.650618
0.755447
0.451784
0.347728
0.192741
0.245348
0.319906
0.181236
0.938364
0.055564
0.318243
0.011892
0.254102
0.153163
0.627244
0.648676
0.249617
0.518171
0.283778
0.828370
0.335640
0.598117
0.177029
0.585648
0.312720
0.065016
0.773592
0.130109
0.594478
0.975897
0.285190
0.012443
0.281800
0.396086
0.935038
0.878289
0.732846
0.474200
0.025684
0.987569
0.615544
0.840948
0.981563
0.907476
0.689837
0.690407
0.161157
0.680610
0.618864
0.862595
0.659401
0.486217
0.732115
0.798593
0.734868
0.604873
0.955458
0.532323
0.577518
0.936771
0.790053
0.604227
0.519936
0.699102
0.506099
0.901661
0.176734
0.791128
0.421864
0.914108
0.648414
0.193392
0.129291
0.832593
0.560991
0.377018
0.747407
0.589542
0.101510
0.586415
0.409121
0.884926
0.907174
0.410421
0.102197
0.772313
0.500973
0.259580
0.660910
0.536825
0.599128
0.988768
0.530185
0.737767
0.781416
0.500538
0.196216
0.704394
0.013955
0.157578
0.686294
0.178757
0.285477
0.709922
0.687968
0.947803
0.251112
0.004203
0.722865
0.793160
0.116983
0.270428
0.171754
0.687853
0.053665
0.734618
0.772506
0.327541
0.970752
0.055132
0.436250
0.388613
0.779373
0.008833
0.513717
0.192322
0.328456
0.377450
0.143727
0.293528
0.342161
0.548352
0.990495
0.824984
0.106548
0.180445
0.328401
0.249468
0.727611
0.094642
0.125625
0.950259
0.674533
0.524261
0.494663
0.946143
0.212746
0.963506
0.959730
0.535239
0.738058
0.019595
0.292575
0.149774
0.409316
0.636921
0.074292
0.486127
0.229543
0.707275
0.955249
0.001508
0.183552
0.427087
0.952003
0.062282
0.074840
0.111076
0.300298
0.687073
0.902482
0.323475
0.277490
0.856479
0.499704
0.621130
0.962641
0.611566
0.846296
0.632698
0.884226
0.030545
0.962343
0.648345
0.662433
0.006738
0.701995
0.232657
0.195981
0.852739
0.311320
0.938853
0.561255
0.052676
0.433500
0.609926
0.027007
0.233605
0.302404
0.507531
0.069358
0.783913
0.374597
0.101353
0.385345
0.128324
0.236196
0.490818
0.601992
0.794007
0.012525
0.316709
0.542785
0.841664
0.795298
0.222938
0.485674
0.258289
0.859875
0.701932
0.982953
0.562691
0.345094
0.399063
0.614457
0.327011
0.762453
0.487255
0.561110
0.750701
0.899394
0.583913
0.348152
0.646330
0.676254
0.047096
0.332771
0.286243
0.469077
0.391738
0.267963
0.032360
0.263998
0.413406
0.093089
0.443008
0.364930
0.527064
0.470339
0.189967
0.113664
0.078143
0.752892
0.901380
0.254003
0.649991
0.124932
0.212211
0.319642
0.690982
0.951416
0.685364
0.705669
0.258609
0.297744
0.527967
0.103754
0.051936
0.038791
0.272723
0.416748
0.678692
0.796704
0.309597
0.070421
0.403937
0.311589
0.550170
0.417401
0.295025
0.148077
0.349463
0.156965
0.255802
0.253997
0.900612
0.408854
0.993487
0.319354
0.391776
0.410384
0.339437
0.944703
0.008130
0.397315
0.926498
0.493267
0.341912
0.530738
0.133302
0.749912
0.886280
0.260435
0.486512
0.815955
0.910531
0.712813
0.177537
0.158733
0.741636
0.641381
0.293224
0.610291
0.914767
0.691272
0.226100
0.963781
0.478709
0.748000
0.107137
0.481757
0.928817
0.293680
0.867177
0.025573
0.332830
0.040073
0.937458
0.014707
0.570221
0.720116
0.167720
0.883035
0.201308
0.734682
0.364334
0.729219
0.357037
0.824469
0.770382
0.770521
0.470483
0.398472
0.246795
0.384230
0.740492
0.222059
0.659990
0.787343
0.394170
0.816240
0.125838
0.219003
0.907408
0.195884
0.932338
0.149970
0.115423
0.889889
0.253210
0.610159
0.088058
0.551406
0.554388
0.104836
0.422412
0.512469
0.007154
0.620825
0.623132
0.966171
0.197906
0.139994
0.481432
0.121418
0.169396
0.742078
0.017094
0.226541
0.320568
0.086615
0.166984
0.226254
0.703013
0.286362
0.409046
0.885401
0.616683
0.163889
0.478085
0.567844
0.995048
0.494688
0.530934
0.193543
0.463522
0.080316
0.887997
0.942488
0.656966
0.196884
0.657138
0.322547
0.234960
0.876855
0.484192
0.036406
0.158696
0.241952
0.731071
0.238299
0.105755
0.049741
0.686547
0.038028
0.565152
0.097222
0.893829
0.585547
0.102527
0.272971
0.713078
0.166134
0.105204
0.919002
0.676517
0.906437
0.676844
0.140577
0.889316
0.976747
0.339517
0.577365
0.860766
0.275873
0.539805
0.087732
0.739502
0.654580
0.967649
0.553107
0.277970
0.756370
0.137455
0.069335
0.777044
0.551006
0.039036
0.298904
0.883864
0.257777
0.027058
0.905159
0.244218
0.973761
0.118051
0.578331
0.666214
0.552979
0.184842
0.149762
0.752275
0.564229
0.728838
0.738253
0.033632
0.152294
0.173658
0.803483
0.067617
0.312207
0.852194
0.089119
0.040267
0.909453
0.387823
0.272795
0.378077
0.910128
0.297403
0.464613
0.974761
0.872912
0.013746
0.860465
0.763256
0.358770
0.309119
0.676851
0.052056
0.204987
0.789072
0.220658
0.019845
0.902532
0.714060
0.201293
0.083238
0.228846
0.665358
0.828007
0.815187
0.519429
0.141470
0.851772
0.094240
0.939914
0.810845
0.468099
0.635079
0.513327
0.039497
0.782145
0.018737
0.601324
0.532142
0.402611
0.767940
0.376139
0.115981
0.898917
0.173482
0.120259
0.227914
0.044245
0.343201
0.925365
0.306842
0.489178
0.511464
0.212906
0.431784
0.056626
0.580847
0.875780
0.192017
0.660368
0.758727
0.542845
0.659778
0.156644
0.844177
0.731744
0.168930
0.009365
0.696962
0.150988
0.440899
0.631557
0.474602
0.764823
0.490065
0.576674
0.626255
0.472496
0.852273
0.555146
0.049296
0.292439
0.125895
0.753393
0.984877
0.271679
0.949767
0.980683
0.824816
0.116899
0.368306
0.115257
0.406373
0.788579
0.712054
0.549674
0.038270
0.834105
0.523294
0.966554
0.666354
0.148150
0.836068
0.468173
0.279279
0.648604
0.644488
0.196777
0.777677
0.358702
0.776065
0.636407
0.052097
0.561280
0.018348
0.056827
0.814108
0.719557
0.846629
0.457213
0.887282
0.961056
0.804707
0.525852
0.989559
0.293927
0.408876
0.267966
0.304260
0.793982
0.848936
0.423877
0.252012
0.211065
0.435009
0.033781
0.618436
0.756756
0.402577
0.809142
0.790060
0.489461
0.531825
0.122308
0.297483
0.946969
0.513207
0.377900
0.510499
0.740198
0.495295
0.212923
0.157053
0.982721
0.856965
0.182507
0.788620
0.226632
0.419486
0.782445
0.375667
0.937817
0.572039
0.012013
0.628287
0.183256
0.921543
0.873995
0.575165
0.033511
0.649699
0.827506
0.649326
0.569714
0.015306
0.341793
0.061146
0.254216
0.003006
0.269374
0.553019
0.978322
0.588186
0.756443
0.243523
0.146247
0.259603
0.737285
0.313862
0.888179
0.740675
0.550558
0.755473
0.070611
0.020292
0.589748
0.337840
0.635801
0.643069
0.820945
0.314301
0.835430
0.544638
0.733531
0.667416
0.095907
0.460049
0.406307
0.110068
0.541177
0.351479
0.502472
0.268075
0.976921
0.938656
0.443862
0.486108
0.312456
0.326983
0.174061
0.954254
0.291946
0.378710
0.160047
0.365699
0.172015
0.001084
0.013027
0.932082
0.333647
0.545670
0.066839
0.392976
0.402323
0.577686
0.479160
0.148808
0.245572
0.531883
0.565295
0.423376
0.282317
0.021199
0.689320
0.510115
0.534136
0.587973
0.969713
0.440756
0.159789
0.485810
0.994254
0.396140
0.069808
0.926180
0.839746
0.615531
0.658474
0.359228
0.902561
0.087331
0.180543
0.790751
0.428239
0.359070
0.127916
0.954979
0.969520
0.586036
0.165306
0.859671
0.438295
0.936595
0.560001
0.094856
0.378729
0.470184
0.550647
0.930528
0.881791
0.227041
0.276531
0.543059
0.959960
0.285290
0.243500
0.847275
0.480573
0.652075
0.737290
0.205038
0.245505
0.608721
0.924423
0.778627
0.462843
0.574605
0.498519
0.833188
0.468134
0.542607
0.654904
0.404082
0.809228
0.966020
0.523961
0.981515
0.418513
0.244321
0.788623
0.249188
0.765592
0.732769
0.813356
0.421247
0.987211
0.212150
0.734041
0.105993
0.393453
0.595035
0.455833
0.166634
0.314170
0.048511
0.503614
0.377085
0.614263
0.663794
0.282426
0.092822
0.515596
0.637325
0.878748
0.106288
0.678682
0.527302
0.042718
0.447265
0.019267
0.568258
0.242486
0.326981
0.143498
0.813311
0.917303
0.176722
0.951467
0.384382
0.114326
0.630262
0.275698
0.410010
0.611111
0.226235
0.041712
0.313490
0.857833
0.292404
0.294131
0.850441
0.565228
0.722625
0.705076
0.146044
0.945916
0.409488
0.565543
0.137436
0.306901
0.016594
0.018795
0.354121
0.775822
0.535840
0.979288
0.690243
0.764510
0.923541
0.559235
0.839266
0.694963
0.185655
0.913614
0.083691
0.094964
0.827760
0.388165
0.859674
0.077186
0.905815
0.610303
0.917936
0.429770
0.162353
0.450886
0.546930
0.733717
0.718390
0.255711
0.136310
0.349242
0.045560
0.844236
0.670289
0.519990
0.956025
0.584871
0.150215
0.778084
0.468591
0.739872
0.118139
0.196141
0.155257
0.319438
0.841946
0.299611
0.010467
0.769218
0.512844
0.368302
0.961695
0.948213
0.809107
0.707733
0.239569
0.110666
0.840651
0.036767
0.170921
0.055241
0.582230
0.352091
0.308652
0.243374
0.727371
0.223588
0.687965
0.030196
0.651642
0.720474
0.510648
0.056034
0.764203
0.438447
0.782025
0.745842
0.828682
0.355523
0.884250
0.117337
0.391850
0.504441
0.724094
0.290782
0.547961
0.084416
0.666557
0.063751
0.237091
0.037266
0.223510
0.523742
0.344117
0.642218
0.921459
0.307583
0.532004
0.775785
0.814090
0.413581
0.028971
0.547541
0.503765
0.084033
0.239807
0.133964
0.040519
0.063080
0.010697
0.689032
0.004483
0.050656
0.431208
0.527721
0.452227
0.410660
0.335551
0.935324
0.997156
0.165341
0.261725
0.580340
0.422753
0.876091
0.356294
0.383743
0.517648
0.016675
0.430769
0.184293
0.701019
0.891259
0.183873
0.624279
0.736972
0.558806
0.029004
0.944401
0.053821
0.231609
0.967798
0.684759
0.010794
0.848015
0.289008
0.629002
0.322284
0.597871
0.126541
0.262770
0.077196
0.445237
0.896129
0.023707
0.712005
0.284184
0.349576
0.081538
0.911858
0.613538
0.016438
0.807809
0.298959
0.859976
0.788408
0.172822
0.802000
0.645909
0.361994
0.462824
0.332411
0.695722
0.621857
0.049751
0.622835
0.087566
0.333844
0.346465
0.883844
0.808125
0.057114
0.393250
0.053901
0.942287
0.446821
0.514298
0.032543
0.209177
0.540236
0.639582
0.818158
0.497266
0.767793
0.402241
0.677098
0.525468
0.656996
0.050073
0.148606
0.845863
0.782861
0.441675
0.499892
0.356696
0.067452
0.208353
0.867029
0.378876
0.234342
0.966130
0.107472
0.562375
0.279037
0.727530
0.393880
0.420967
0.387836
0.983860
0.161137
0.823488
0.294377
0.094154
0.443727
0.006088
0.653482
0.325763
0.300133
0.720669
0.252914
0.387148
0.599357
0.983312
0.035750
0.875319
0.638049
0.408987
0.672142
0.532791
0.695962
0.083189
0.745106
0.280323
0.154687
0.624872
0.157438
0.048893
0.102567
0.619192
0.698118
0.598504
0.953350
0.263572
0.732557
0.414796
0.770889
0.912862
0.913792
0.551607
0.442554
0.507507
0.975965
0.660993
0.637051
0.863493
0.383403
0.481916
0.824396
0.293850
0.703549
0.850804
0.949983
0.975373
0.672835
0.703865
0.892711
0.235625
0.676193
0.804495
0.270998
0.959977
0.711698
0.050872
0.082368
0.505929
0.617685
0.489885
0.438930
0.291779
0.314675
0.742215
0.860605
0.305436
0.524328
0.549363
0.045665
0.076454
0.461845
0.341017
0.245457
0.449557
0.615298
0.345640
0.531424
0.132763
0.917918
0.121010
0.610338
0.345358
0.120768
0.684571
0.380865
0.306305
0.685308
0.561013
0.904843
0.813609
0.189115
0.315310
0.859003
0.430465
0.224445
0.535091
0.430731
0.423628
0.791299
0.267778
0.636980
0.479555
0.962578
0.229105
0.591293
0.389789
0.453600
0.081002
0.698236
0.452292
0.555917
0.100310
0.076303
0.662618
0.009068
0.681783
0.706158
0.226512
0.382045
0.990389
0.594861
0.232884
0.228781
0.354341
0.974470
0.531692
0.454601
0.083112
0.399639
0.262387
0.343921
0.010124
0.397460
0.367487
0.934265
0.821392
0.540525
0.272403
0.454637
0.997584
0.642863
0.671670
0.910840
0.466522
0.872270
0.191903
0.917382
0.842761
0.147893
0.723321
0.105820
0.447814
0.186008
0.186563
0.893630
0.021080
0.020936
0.606694
0.347582
0.557150
0.615797
0.139502
0.388276
0.332138
0.096101
0.518224
0.670518
0.324625
0.986921
0.060151
0.833099
0.664418
0.476314
0.938333
0.455378
0.499839
0.522697
0.117813
0.985275
0.573847
0.649967
0.690261
0.607241
0.166631
0.938354
0.996591
0.891230
0.911735
0.432607
0.010458
0.451331
0.535821
0.679067
0.279661
0.273113
0.373910
0.343258
0.074871
0.844364
0.148647
0.074779
0.920777
0.907726
0.112481
0.576020
0.460152
0.247227
0.606625
0.090992
0.759194
0.843220
0.954518
0.239533
0.063278
0.505843
0.755539
0.470592
0.499281
0.581080
0.233096
0.832546
0.784085
0.343354
0.671571
0.684632
0.084803
0.963117
0.699330
0.977807
0.653578
0.824116
0.087179
0.871682
0.091980
0.137295
0.407488
0.716294
0.294214
0.209051
0.033008
0.516526
0.405114
0.657050
0.710649
0.622864
0.665353
0.276014
0.022019
0.197485
0.967000
0.191813
0.580570
0.840221
0.510788
0.519322
0.548545
0.374652
0.266528
0.104307
0.473185
0.964474
0.857772
0.458492
0.749963
0.297011
0.672710
0.520868
0.437331
0.899668
0.731237
0.876282
0.251866
0.170257
0.838675
0.602889
0.730533
0.765979
0.801351
0.916590
0.000659
0.442163
0.122543
0.530020
0.292133
0.436097
0.074902
0.896846
0.542554
0.337672
0.861273
0.384681
0.169453
0.643804
0.942032
0.080354
0.193925
0.950582
0.474141
0.260561
0.111890
0.072472
0.753069
0.130900
0.416778
0.601387
0.241618
0.059646
0.283789
0.744670
0.366576
0.695895
0.149079
0.105170
0.878717
0.913228
0.806588
0.131392
0.568148
0.936815
0.621543
0.163344
0.243372
0.098897
0.906838
0.204708
0.516869
0.864272
0.856564
0.172973
0.390454
0.729758
0.239424
0.279411
0.329354
0.775815
0.370325
0.765854
0.354059
0.380849
0.710478
0.299973
0.634492
0.961608
0.562011
0.873104
0.761609
0.128784
0.880003
0.122480
0.749473
0.110357
0.013963
0.837765
0.388668
0.444111
0.850381
0.182049
0.182665
0.245792
0.854592
0.571555
0.883140
0.701983
0.973889
0.988425
0.713075
0.118553
0.618379
0.095864
0.988576
0.716288
0.066825
0.960283
0.841280
0.734507
0.507688
0.414135
0.685487
0.515447
0.458063
0.190608
0.301623
0.705633
0.935102
0.128681
0.182602
0.308338
0.665213
0.894401
0.353250
0.761175
0.409453
0.671403
0.321047
0.731781
0.090505
0.824107
0.287623
0.872783
0.880828
0.155016
0.062810
0.047872
0.636729
0.806190
0.260154
0.791916
0.677033
0.911586
0.787317
0.013394
0.920257
0.293935
0.233988
0.754179
0.578038
0.138745
0.008351
0.294129
0.130908
0.705135
0.662168
0.045950
0.630600
0.123960
0.453743
0.118367
0.212237
0.250718
0.807457
0.178914
0.160221
0.405153
0.390250
0.153526
0.340922
0.282985
0.333114
0.580674
0.804514
0.201286
0.727095
0.255785
0.450525
0.409768
0.155190
0.529723
0.639253
0.716618
0.436635
0.530204
0.855368
0.227209
0.537607
0.475569
0.198588
0.614050
0.568286
0.586570
0.798222
0.129355
0.265261
0.567304
0.502237
0.293577
0.426940
0.251785
0.131531
0.732919
0.010668
0.679970
0.730112
0.762060
0.681462
0.903924
0.225727
0.705645
0.436456
0.356832
0.789340
0.602963
0.118947
0.493836
0.176368
0.876966
0.190545
0.464612
0.487367
0.912453
0.963436
0.859889
0.275016
0.083820
0.512324
0.102045
0.850431
0.260040
0.254323
0.478814
0.837732
0.440977
0.326968
0.117400
0.851983
0.977598
0.754737
0.766214
0.472983
0.450431
0.934346
0.590973
0.382162
0.735067
0.083503
0.554186
0.849865
0.518867
0.370708
0.114933
0.065691
0.789686
0.639857
0.537306
0.367294
0.229507
0.732867
0.124710
0.469362
0.918607
0.401597
0.266227
0.956242
0.405263
0.768024
0.608405
0.717100
0.812440
0.782755
0.407216
0.507972
0.485579
0.101028
0.616516
0.939819
0.910059
0.448627
0.429434
0.621963
0.076922
0.104875
0.750740
0.396797
0.637971
0.507150
0.086897
0.634792
0.527403
0.167075
0.756448
0.731046
0.108087
0.556713
0.219348
0.434135
0.900826
0.888715
0.882695
0.840469
0.119898
0.797271
0.877347
0.478655
0.364231
0.283601
0.052897
0.258024
0.126533
0.816286
0.845750
0.869581
0.192917
0.060454
0.026492
0.831404
0.489857
0.945228
0.322814
0.281741
0.900983
0.078306
0.817832
0.542531
0.002037
0.125992
0.343307
0.193370
0.299820
0.913310
0.724538
0.839200
0.671702
0.981904
0.777606
0.263209
0.821494
0.857576
0.790612
0.024542
0.753808
0.151328
0.804866
0.388930
0.400767
0.022977
0.331787
0.561268
0.485556
0.932905
0.479670
0.747075
0.285079
0.117745
0.950220
0.084694
0.293928
0.105479
0.905229
0.361264
0.518229
0.247349
0.320150
0.155115
0.736278
0.882976
0.117679
0.129912
0.272568
0.446410
0.196105
0.615252
0.963692
0.281944
0.877052
0.413239
0.699599
0.297020
0.554285
0.043572
0.311625
0.172538
0.705187
0.681414
0.224864
0.367180
0.115024
0.602141
0.102898
0.179786
0.497536
0.627921
0.095671
0.214842
0.020912
0.614089
0.604008
0.637355
0.106217
0.546871
0.024713
0.470969
0.149907
0.612903
0.521897
0.738010
0.034886
0.683531
0.610113
0.368836
0.717295
0.595372
0.967539
0.910693
0.334497
0.262722
0.047130
0.268638
0.649492
0.092144
0.823950
0.202106
0.929453
0.492301
0.022481
0.581158
0.885589
0.233913
0.196877
0.618813
0.262111
0.242328
0.926272
0.552029
0.261757
0.744716
0.664941
0.850274
0.062098
0.116116
0.189186
0.827658
0.595889
0.543134
0.730131
0.410504
0.675741
0.855482
0.829961
0.383620
0.900750
0.964608
0.422596
0.375628
0.610179
0.504177
0.707689
0.469235
0.301924
0.756383
0.174502
0.029727
0.473607
0.394976
0.595978
0.045548
0.351577
0.053442
0.664065
0.152971
0.438721
0.620386
0.442522
0.099512
0.488482
0.729996
0.738479
0.624208
0.322629
0.466910
0.538232
0.124351
0.415596
0.496819
0.529057
0.394907
0.330692
0.636289
0.828189
0.376887
0.207736
0.814506
0.360908
0.110988
0.712894
0.869102
0.373983
0.253318
0.861805
0.083129
0.963654
0.875227
0.489612
0.778312
0.907641
0.432955
0.521516
0.974832
0.806806
0.246829
0.345624
0.122566
0.017869
0.321132
0.693839
0.734316
0.228450
0.250735
0.464439
0.314625
0.725910
0.885918
0.901393
0.190950
0.047504
0.330235
0.055172
0.049707
0.658243
0.498503
0.711899
0.064665
0.066742
0.723483
0.996147
0.919013
0.904034
0.156585
0.115372
0.404083
0.418775
0.957359
0.715925
0.442112
0.951426
0.465620
0.502432
0.125339
0.730102
0.984587
0.619056
0.233049
0.836014
0.421147
0.693779
0.733237
0.494081
0.011921
0.584455
0.890983
0.660389
0.635995
0.355805
0.235816
0.264552
0.269216
0.963434
0.136884
0.864100
0.501015
0.083279
0.832043
0.752389
0.116774
0.823540
0.281122
0.684107
0.072984
0.094832
0.478029
0.556290
0.671227
0.909063
0.074087
0.821462
0.052184
0.192822
0.240812
0.775997
0.935842
0.413218
0.712690
0.023539
0.273001
0.100769
0.695273
0.091922
0.310298
0.496476
0.317678
0.807976
0.674024
0.558658
0.607688
0.582262
0.971892
0.268933
0.350355
0.643663
0.228367
0.887434
0.282774
0.482071
0.416450
0.929903
0.350126
0.918795
0.333516
0.069250
0.960069
0.160905
0.779799
0.730691
0.453913
0.696012
0.425820
0.305359
0.630814
0.698697
0.845349
0.902277
0.219715
0.911455
0.331230
0.333459
0.522347
0.312241
0.648703
0.137244
0.046620
0.647096
0.978923
0.339583
0.140509
0.632539
0.240430
0.540377
0.643787
0.395222
0.751759
0.523294
0.416942
0.262329
0.079049
0.073497
0.504352
0.268946
0.216419
0.454798
0.553951
0.610383
0.072057
0.403121
0.878095
0.170229
0.435157
0.422438
0.921741
0.594680
0.847892
0.628316
0.580675
0.286685
0.101265
0.548942
0.534708
0.385738
0.891199
0.651951
0.341424
0.583669
0.353941
0.421581
0.014680
0.606830
0.953042
0.859465
0.254453
0.494773
0.104291
0.338350
0.765945
0.455761
0.811036
0.115016
0.054181
0.675640
0.459884
0.338770
0.672922
0.623851
0.581428
0.428776
0.769546
0.865478
0.122469
0.390605
0.339921
0.383041
0.643989
0.241317
0.199337
0.865654
0.695707
0.361554
0.739390
0.693503
0.825213
0.374084
0.377675
0.170988
0.794907
0.503483
0.189454
0.381979
0.068949
0.995156
0.404367
0.227488
0.863834
0.542322
0.929774
0.592709
0.325523
0.972090
0.993621
0.520501
0.950628
0.041493
0.209188
0.017785
0.890075
0.068386
0.381144
0.205260
0.317278
0.391317
0.329547
0.968499
0.765905
0.421790
0.269908
0.513136
0.588401
0.714659
0.073653
0.803613
0.133094
0.513610
0.305385
0.916369
0.684048
0.251211
0.244301
0.307877
0.791706
0.689229
0.228232
0.465283
0.761715
0.624236
0.058730
0.518107
0.011676
0.318845
0.014354
0.863213
0.843619
0.432707
0.211109
0.345734
0.382347
0.809157
0.404498
0.260465
0.476275
0.888191
0.854704
0.912638
0.913277
0.232114
0.970279
0.934838
0.247286
0.370528
0.803609
0.785962
0.091596
0.114729
0.219784
0.280470
0.324062
0.007137
0.584870
0.824420
0.539114
0.711954
0.641471
0.507538
0.173717
0.246972
0.071614
0.947484
0.338863
0.666174
0.288089
0.907142
0.054040
0.467449
0.266496
0.306047
0.915404
0.252005
0.168393
0.068921
0.165743
0.422067
0.170801
0.593125
0.151385
0.839694
0.343813
0.153091
0.778340
0.612117
0.650019
0.240694
0.742875
0.980947
0.617936
0.119988
0.491690
0.891353
0.653226
0.841678
0.192893
0.399025
0.052240
0.033393
0.415374
0.990643
0.271669
0.017640
0.298435
0.904965
0.364847
0.715283
0.672227
0.269311
0.133552
0.358836
0.225867
0.562671
0.841920
0.596857
0.834569
0.866272
0.562983
0.150247
0.349242
0.248857
0.644093
0.122026
0.794735
0.730735
0.909214
0.326485
0.483742
0.742613
0.216295
0.837899
0.501884
0.602210
0.263392
0.312281
0.491013
0.694046
0.280112
0.987390
0.119318
0.740178
0.933218
0.048102
0.744042
0.914865
0.462055
0.889725
0.740135
0.760794
0.415168
0.768389
0.363939
0.899650
0.190683
0.832867
0.299439
0.449181
0.553543
0.470088
0.437179
0.683429
0.147104
0.842089
0.649226
0.968379
0.398134
0.146749
0.830494
0.715421
0.663949
0.744506
0.841520
0.622765
0.229592
0.809258
0.942926
0.617604
0.326035
0.629576
0.335484
0.012851
0.172751
0.847085
0.169524
0.716181
0.735412
0.829168
0.771935
0.053488
0.557744
0.687164
0.291064
0.648620
0.476458
0.379165
0.426504
0.842637
0.917443
0.782497
0.193524
0.296403
0.699679
0.295110
0.274862
0.857351
0.214083
0.527371
0.686632
0.111291
0.240778
0.886363
0.894976
0.850186
0.647428
0.957060
0.737781
0.830257
0.746333
0.112809
0.312663
0.999438
0.739405
0.976578
0.888532
0.170186
0.959867
0.773363
0.192904
0.880232
0.791918
0.832533
0.817765
0.499469
0.718047
0.345633
0.994226
0.766208
0.928309
0.635634
0.710228
0.453529
0.864920
0.284079
0.211358
0.037553
0.000569
0.127592
0.526366
0.569875
0.295741
0.413419
0.423961
0.400006
0.900617
0.679347
0.422048
0.212015
0.134464
0.212134
0.419871
0.555136
0.032897
0.698623
0.536859
0.780335
0.638477
0.926299
0.180928
0.178557
0.545522
0.703551
0.638624
0.600460
0.746259
0.157923
0.304769
0.243508
0.145547
0.315719
0.723524
0.639321
0.043247
0.534631
0.719325
0.818049
0.259883
0.852739
0.132516
0.933120
0.792522
0.915952
0.257491
0.473443
0.589639
0.321303
0.213083
0.463388
0.949896
0.445652
0.054416
0.292186
0.590167
0.324928
0.348169
0.233805
0.858519
0.386052
0.148070
0.021473
0.467214
0.272886
0.492292
0.910675
0.138349
0.843947
0.869268
0.468611
0.280583
0.631425
0.285250
0.491374
0.078987
0.471223
0.981714
0.425734
0.003774
0.014610
0.585005
0.319206
0.156208
0.155625
0.070939
0.658587
0.075811
0.044875
0.956482
0.412203
0.969986
0.622834
0.664642
0.204713
0.320989
0.575675
0.859570
0.283187
0.548108
0.447016
0.604443
0.539120
0.341245
0.776068
0.564087
0.895803
0.248809
0.176682
0.266408
0.243417
0.299100
0.946357
0.359149
0.227138
0.463135
0.764299
0.580412
0.720668
0.875692
0.233804
0.444104
0.929862
0.846842
0.456281
0.509444
0.313310
0.708453
0.142396
0.052961
0.591125
0.916563
0.640058
0.503144
0.988119
0.570794
0.926197
0.730087
0.813937
0.750614
0.338048
0.131361
0.182208
0.917334
0.340941
0.723784
0.221883
0.205089
0.888218
0.450759
0.832244
0.443514
0.004767
0.643559
0.967465
0.465974
0.040020
0.423873
0.773687
0.738634
0.188640
0.021967
0.071382
0.061921
0.945843
0.797257
0.672632
0.449956
0.682357
0.473488
0.008436
0.465397
0.451523
0.116173
0.348951
0.547778
0.685721
0.801162
0.227257
0.218230
0.905410
0.468759
0.651505
0.303891
0.458303
0.589909
0.491773
0.370896
0.988825
0.260928
0.513447
0.264250
0.252875
0.292524
0.185958
0.042193
0.011117
0.920427
0.778612
0.924699
0.388823
0.688817
0.657566
0.721523
0.671922
0.066563
0.007286
0.157869
0.133682
0.647599
0.245729
0.138515
0.221107
0.485841
0.157253
0.005396
0.391005
0.177438
0.407250
0.280145
0.209450
0.561059
0.831180
0.406635
0.285463
0.860906
0.691207
0.960598
0.147670
0.038873
0.189295
0.491624
0.129259
0.387248
0.300791
0.163363
0.722052
0.106979
0.003722
0.527427
0.117638
0.013420
0.329530
0.881461
0.461055
0.759364
0.192543
0.227523
0.969622
0.361639
0.544198
0.921477
0.811289
0.680806
0.745484
0.387061
0.721069
0.372964
0.000663
0.154535
0.474137
0.629333
0.529274
0.283243
0.330652
0.013792
0.539023
0.743698
0.649462
0.164756
0.665151
0.413404
0.106663
0.706559
0.180959
0.376654
0.539734
0.301361
0.086252
0.347137
0.682248
0.436618
0.158883
0.451554
0.939644
0.985814
0.159625
0.373948
0.214252
0.261578
0.499584
0.257706
0.993251
0.047559
0.294366
0.362038
0.948875
0.042190
0.154852
0.009695
0.160614
0.998608
0.228042
0.312705
0.404719
0.556930
0.178754
0.958836
0.184613
0.468156
0.507088
0.583660
0.981843
0.795828
0.730975
0.927102
0.527512
0.255027
0.112140
0.980258
0.211379
0.474162
0.053558
0.013283
0.979325
0.639971
0.862562
0.746119
0.937564
0.949254
0.937624
0.126539
0.881731
0.964796
0.604389
0.709124
0.289024
0.265150
0.153055
0.029470
0.987799
0.246570
0.458101
0.026692
0.041735
0.110805
0.596387
0.184781
0.293265
0.393512
0.170593
0.265076
0.210681
0.591935
0.668276
0.277838
0.650601
0.959106
0.000948
0.165326
0.017407
0.391162
0.452177
0.008782
0.004450
0.788463
0.482392
0.958206
0.809383
0.757899
0.409048
0.557481
0.991331
0.648007
0.930757
0.525171
0.944682
0.621384
0.687403
0.759872
0.792217
0.368453
0.098353
0.334664
0.212769
0.698790
0.193080
0.435391
0.723793
0.403885
0.417811
0.483087
0.208142
0.918857
0.324492
0.090892
0.905202
0.961218
0.888602
0.960905
0.918769
0.956213
0.724090
0.650514
0.945808
0.381127
0.388932
0.847840
0.537999
0.877020
0.643820
0.241594
0.142961
0.248712
0.906495
0.950067
0.280274
0.369990
0.203223
0.573731
0.261834
0.519894
0.443783
0.594531
0.909809
0.859347
0.700216
0.827395
0.635071
0.003248
0.731552
0.534712
0.098985
0.997621
0.104322
0.054434
0.330049
0.368406
0.594783
0.400898
0.005215
0.846322
0.835014
0.182709
0.256962
0.174271
0.416782
0.895528
0.177965
0.172135
0.822184
0.088270
0.634933
0.026478
0.152840
0.295759
0.139191
0.228160
0.976052
0.186022
0.541584
0.236519
0.076525
0.947603
0.365887
0.805760
0.501850
0.302322
0.133626
0.296862
0.357749
0.006788
0.564865
0.750564
0.867352
0.663281
0.135106
0.464377
0.940328
0.735616
0.204011
0.850108
0.440975
0.846017
0.380483
0.546441
0.538180
0.509978
0.795231
0.847480
0.269300
