Rand_C
0.630756
0.173003
0.379184
0.577294
0.693858
0.388327
0.691442
0.594004
0.153964
0.336845
0.735454
0.608730
0.538576
0.078379
0.023812
0.243961
0.949290
0.564685
0.128210
0.306773
0.651006
0.067117
0.453718
0.694143
0.728228
0.554635
0.498137
0.330144
0.953126
0.211287
0.090458
0.380659
0.879534
0.814658
0.474982
0.682843
0.276349
0.288916
0.001680
0.404091
0.507308
0.769106
0.590868
0.508240
0.771444
0.126437
0.265474
0.919631
0.830213
0.307892
0.358347
0.566554
0.433096
0.661075
0.969602
0.965853
0.814750
0.840792
0.255030
0.608545
0.491763
0.285865
0.196392
0.798216
0.350791
0.041174
0.626924
0.754507
0.950660
0.911513
0.108177
0.963031
0.175334
0.297974
0.770291
0.221903
0.995144
0.585383
0.025075
0.061460
0.528636
0.065007
0.033470
0.840421
0.206261
0.712967
0.243971
0.306781
0.702187
0.106146
0.046003
0.633488
0.304968
0.178438
0.217197
0.119118
0.351230
0.244900
0.654774
0.493948
