Rand_C
0.630756
0.173003
0.379184
0.577294
0.693858
0.388327
0.691442
0.594004
0.153964
0.336845
0.735454
0.608730
0.538576
0.078379
0.023812
0.243961
0.949290
0.564685
0.128210
0.306773
0.651006
0.067117
0.453718
0.694143
0.728228
0.554635
0.498137
0.330144
0.953126
0.211287
0.090458
0.380659
0.879534
0.814658
0.474982
0.682843
0.276349
0.288916
0.001680
0.404091
0.507308
0.769106
0.590868
0.508240
0.771444
0.126437
0.265474
0.919631
0.830213
0.307892
0.358347
0.566554
0.433096
0.661075
0.969602
0.965853
0.814750
0.840792
0.255030
0.608545
0.491763
0.285865
0.196392
0.798216
0.350791
0.041174
0.626924
0.754507
0.950660
0.911513
0.108177
0.963031
0.175334
0.297974
0.770291
0.221903
0.995144
0.585383
0.025075
0.061460
0.528636
0.065007
0.033470
0.840421
0.206261
0.712967
0.243971
0.306781
0.702187
0.106146
0.046003
0.633488
0.304968
0.178438
0.217197
0.119118
0.351230
0.244900
0.654774
0.493948
0.044133
0.088298
0.786324
0.288693
0.280570
0.531314
0.594954
0.312847
0.130709
0.381848
0.499748
0.303877
0.778863
0.640982
0.332678
0.800374
0.783900
0.787250
0.920469
0.293189
0.794511
0.132998
0.230379
0.072090
0.327007
0.017580
0.546700
0.354474
0.611240
0.728398
0.574159
0.634752
0.591437
0.270936
0.776465
0.950901
0.384295
0.680701
0.677304
0.643118
0.226325
0.664716
0.394522
0.962874
0.537607
0.154624
0.143373
0.032748
0.694349
0.895396
0.058808
0.668598
0.964333
0.375558
0.348739
0.522466
0.759778
0.059788
0.233754
0.204514
0.136716
0.320147
0.570965
0.762382
0.616956
0.404526
0.937319
0.756624
0.565264
0.078446
0.524738
0.572167
0.895056
0.803262
0.208683
0.227110
0.112794
0.007878
0.876351
0.456154
0.299011
0.859578
0.356954
0.401733
0.879507
0.115032
0.441674
0.138999
0.732769
0.034202
0.913583
0.077255
0.085078
0.598338
0.066024
0.933583
0.126834
0.369568
0.880454
0.316518
0.537227
0.186397
0.605778
0.438194
0.203379
0.075946
0.517607
0.105576
0.205478
0.940442
0.556086
0.399770
0.006231
0.673643
0.555520
0.623499
0.737660
0.033148
0.587110
0.793034
0.779175
0.725335
0.450138
0.765516
0.282510
0.518656
0.080570
0.762033
0.180284
0.486717
0.958285
0.212346
0.037025
0.310069
0.191246
0.939497
0.519485
0.638166
0.748290
0.724131
0.466924
0.607062
0.388748
0.003105
0.382281
0.985032
0.633316
0.727352
0.433346
0.052438
0.429315
0.673830
0.318551
0.195154
0.239870
0.983143
0.420913
0.358890
0.437433
0.073888
0.383497
0.307125
0.543604
0.581122
0.865479
0.427587
0.794508
0.099150
0.476975
0.201663
0.103697
0.371243
0.544551
0.535517
0.164915
0.995822
0.704832
0.241673
0.101448
0.808810
0.431573
0.795329
0.327723
0.548782
0.272855
0.231289
0.656430
0.195255
0.907052
0.064576
0.293777
0.736495
0.680783
0.920891
0.120026
0.949833
0.193165
0.686769
0.588686
0.635265
0.828409
0.341300
0.386064
0.410311
0.779853
0.129225
0.235570
0.567324
0.652152
0.389970
0.544766
0.684862
0.632776
0.831764
0.591577
0.730565
0.071622
0.338193
0.350285
0.967808
0.790466
0.638294
0.308135
0.456130
0.905005
0.108278
0.872268
0.930765
0.448101
0.137522
0.490495
0.969207
0.839675
0.917435
0.814210
0.433129
0.720316
0.526794
0.246878
0.546486
0.510061
0.608920
0.625120
0.032753
0.386733
0.228388
0.487206
0.628546
0.340986
0.974726
0.359309
0.431652
0.826264
0.045495
0.633131
0.441269
0.701190
0.143610
0.036589
0.222211
0.440606
0.733623
0.939915
0.736990
0.209001
0.532939
0.602075
0.609791
0.708054
0.949525
0.405047
0.423547
0.605395
0.990422
0.030291
0.718719
0.175319
0.048619
0.458995
0.049428
0.154776
0.997312
0.891530
0.152423
0.615167
0.463658
0.049639
0.486957
0.836815
0.098247
0.191596
0.985028
0.612166
0.482671
0.025892
0.202849
0.953138
0.024359
0.415925
0.628076
0.444293
0.543963
0.737239
0.237908
0.797430
0.597250
0.615682
0.790972
0.378389
0.457381
0.581198
0.797062
0.335927
0.493857
0.260937
0.387202
0.930479
0.729414
0.549691
0.751558
0.536435
0.552816
0.760387
0.517616
0.623977
0.248003
0.885558
0.470219
0.677457
0.993147
0.656869
0.923913
0.606441
0.163549
0.263204
0.961599
0.926149
0.513584
0.713492
0.364053
0.002653
0.975748
0.908012
0.054798
0.390544
0.484988
0.595572
0.929904
0.980695
0.153435
0.686135
0.897949
0.337127
0.293978
0.044988
0.416591
0.330629
0.282669
0.672963
0.692389
0.160917
0.117458
0.319464
0.897615
0.773089
0.412227
0.383105
0.637907
0.467186
0.477007
0.323653
0.451050
0.860869
0.150514
0.788385
0.261174
0.889041
0.009633
0.918544
0.283431
0.091587
0.667557
0.171871
0.378320
0.893577
0.461449
0.395895
0.741637
0.197751
0.860534
0.697524
0.468578
0.847406
0.533351
0.344756
0.727509
0.658566
0.719127
0.597802
0.864570
0.934463
0.939474
0.923559
0.719941
0.464852
0.432964
0.425677
0.312132
0.521305
0.090943
0.645388
0.101649
0.228508
0.199196
0.589864
0.528401
0.944895
0.883183
0.818632
0.386798
0.690056
0.063166
0.448857
0.886004
0.539034
0.228723
0.348197
0.649492
0.201096
0.468004
0.580859
0.037075
0.101180
0.367946
0.378090
0.734148
0.621935
0.468886
0.961506
0.973907
0.111249
0.219349
0.384086
0.619386
0.143086
0.382190
0.427030
0.730207
0.836958
0.992782
0.839649
0.644392
0.399219
0.463674
0.003418
0.291992
0.464049
0.678566
0.586430
0.325736
0.855605
0.278316
0.612552
0.570553
0.331262
0.126683
0.958010
0.822810
0.365024
0.290587
0.092576
0.648260
0.625832
0.287363
0.869019
0.631020
0.592186
0.841390
0.041210
0.437825
0.884028
0.346335
0.707506
0.983140
0.382372
0.891602
0.528354
0.241155
0.292150
0.518443
0.665868
0.520620
0.010497
0.178275
0.693518
0.678921
0.084730
0.403533
0.883853
0.205247
0.823587
0.549770
0.983882
0.074536
0.246104
0.636768
0.489340
0.421591
0.764345
0.794160
0.555247
0.956280
0.660109
0.269979
0.190211
0.189364
0.480102
0.887796
0.520006
0.154986
0.206494
0.413815
0.754312
0.852006
0.731995
0.251860
0.984223
0.260044
0.405978
0.957446
0.974406
0.878522
0.364186
0.031095
0.344176
0.351910
0.985346
0.739880
0.782685
0.185565
0.625101
0.852934
0.497373
0.172529
0.445858
0.658771
0.005507
0.928627
0.844148
0.370986
0.760039
0.738260
0.122695
0.310635
0.238413
0.981843
0.995653
0.980009
0.856490
0.032338
0.275180
0.160397
0.969007
0.933429
0.475690
0.432539
0.574189
0.892814
0.641453
0.881492
0.055673
0.109055
0.290028
0.278523
0.793266
0.869785
0.427870
0.476907
0.607454
0.312877
0.732115
0.363314
0.505248
0.279671
0.637204
0.204826
0.202644
0.990300
0.544743
0.186940
0.359540
0.170223
0.986047
0.926507
0.286912
0.463863
0.186933
0.666654
0.959127
0.257721
0.987882
0.644625
0.616489
0.972612
0.183928
0.454777
0.667298
0.369653
0.418713
0.076369
0.563037
0.365472
0.349644
0.339348
0.872875
0.902419
0.040926
0.647005
0.078265
0.321492
0.181664
0.222662
0.909887
0.600805
0.727034
0.948025
0.740958
0.732175
0.978130
0.066737
0.449174
0.608530
0.340757
0.027791
0.809060
0.007121
0.791126
0.169579
0.526002
0.830670
0.642607
0.157179
0.132529
0.906917
0.084648
0.103984
0.248558
0.181152
0.345707
0.708622
0.671398
0.086527
0.443005
0.827515
0.753656
0.564282
0.822440
0.054369
0.172280
0.033287
0.017396
0.110310
0.308128
0.328841
0.219117
0.407808
0.091257
0.860216
0.984569
0.032987
0.152208
0.039928
0.193948
0.965801
0.500803
0.910444
0.326267
0.833300
0.049363
0.267214
0.619501
0.823323
0.507996
0.613381
0.792438
0.304183
0.646776
0.508740
0.862948
0.938950
0.989570
0.539681
0.167968
0.671294
0.893223
0.995463
0.968697
0.794147
0.424544
0.656550
0.217056
0.986159
0.049872
0.967303
0.263053
0.716676
0.712111
0.057663
0.342086
0.384099
0.835925
0.925678
0.173979
0.134996
0.045593
0.223546
0.527867
0.029260
0.085831
0.046078
0.484802
0.199159
0.920761
0.040128
0.198542
0.460768
0.667616
0.818657
0.182175
0.980591
0.222863
0.747660
0.313803
0.371711
0.232408
0.166199
0.833420
0.963086
0.457095
0.579103
0.865095
0.324910
0.062526
0.842982
0.783009
0.643364
0.532756
0.864886
0.996703
0.651951
0.458541
0.492431
0.293695
0.908542
0.823126
0.014915
0.996274
0.305809
0.037375
0.244208
0.313750
0.372640
0.010457
0.127100
0.868145
0.601981
0.384401
0.144183
0.613664
0.121233
0.698440
0.657371
0.647894
0.633123
0.083061
0.278730
0.949299
0.436531
0.814910
0.940515
0.341396
0.359829
0.934052
0.734580
0.455973
0.728615
0.559967
0.933106
0.401025
0.555174
0.272447
0.895861
0.486403
0.584828
0.280657
0.161292
0.246122
0.352467
0.049303
0.593839
0.103632
0.183943
0.293189
0.073227
0.763248
0.463807
0.461227
0.013093
0.678191
0.478442
0.127801
0.701325
0.462032
0.974074
0.929757
0.412359
0.089568
0.726420
0.840042
0.442709
0.608163
0.754140
0.545100
0.822316
0.896210
0.919258
0.543579
0.574096
0.572016
0.228587
0.093026
0.380272
0.002080
0.349154
0.074146
0.241146
0.078523
0.471588
0.316734
0.336785
0.499266
0.302008
0.067195
0.748604
0.084043
0.603553
0.556647
0.736659
0.614873
0.919859
0.975595
0.474242
0.059281
0.651973
0.164295
0.809538
0.308943
0.783198
0.372488
0.414026
0.716904
0.456279
0.154649
0.504692
0.256724
0.045148
0.715449
0.849563
0.636849
0.892805
0.578822
0.965294
0.406603
0.769047
0.075964
0.571268
0.066636
0.407524
0.639620
0.618612
0.505827
0.706540
0.754925
0.446006
0.357770
0.773196
0.754244
0.105051
0.300861
0.206554
0.007423
0.134137
0.834289
0.586622
0.226846
0.642341
0.101170
0.150502
0.372178
0.699419
