Knuth_Lewis_0_1
0.243819
0.092642
0.513699
0.408194
0.713403
0.576025
0.964467
0.963095
0.682081
0.730767
0.871238
0.433809
0.151054
0.921468
0.573283
0.836655
0.770817
0.615681
0.355703
0.380293
0.346595
0.798282
0.804966
0.681360
0.360372
0.101657
0.970100
0.953741
0.650156
0.479836
0.095172
0.124598
0.637087
0.504698
0.938691
0.080279
0.741029
0.612366
0.945536
0.495237
0.875257
0.877930
0.787065
0.947082
0.160873
0.146610
0.034999
0.270887
0.251579
0.599490
0.984724
0.355885
0.909416
0.081952
0.893637
0.837665
0.722112
0.772920
0.150152
0.389005
0.102656
0.023061
0.138992
0.562464
0.961722
0.440051
0.818402
0.387851
0.693568
0.549034
0.274896
0.177714
0.366041
0.606404
0.771168
0.243943
0.255304
0.395033
0.052799
0.478652
0.115918
0.079070
0.929366
0.002426
0.826899
0.446429
0.395601
0.333087
0.304373
0.117107
0.808210
0.778086
0.821469
0.545439
0.883978
0.003660
0.126049
0.894430
0.534793
0.983865
0.996923
0.110272
0.805207
0.782620
0.129165
0.775198
0.428162
0.871880
0.489155
0.566763
0.764501
0.939078
0.529971
0.401710
0.141900
0.386933
0.907758
0.592520
0.858832
0.978782
0.589699
0.594791
0.369200
0.332531
0.494217
0.173558
0.413258
0.216377
0.054018
0.066685
0.110444
0.849400
0.342622
0.473448
0.279756
0.660174
0.654985
0.946446
0.503286
0.206502
0.682862
0.514949
0.698548
0.209414
0.675501
0.117825
0.215222
0.904547
0.226334
0.674154
0.721927
0.164032
0.576259
0.369667
0.398673
0.092013
0.574147
0.987130
0.200588
0.046927
0.685205
0.358795
0.208566
0.293660
0.687818
0.269055
0.332454
0.738722
0.949484
0.385406
0.882404
0.451544
0.422483
0.045865
0.774007
0.925037
0.749895
0.980956
0.382851
0.278535
0.122595
0.298388
0.314112
0.856245
0.777847
0.308557
0.602808
0.924330
0.280130
0.018990
0.110348
0.419748
0.974810
0.375863
0.132990
0.953974
0.255290
0.580712
0.487837
0.524734
0.534266
0.060463
0.592005
0.638867
0.059703
0.918911
0.300570
0.799447
0.966166
0.947768
0.518934
0.560288
0.202129
0.525403
0.855233
0.600953
0.223882
0.981408
0.828405
0.525405
0.596665
0.255102
0.397543
0.337404
0.893657
0.926116
0.828174
0.795795
0.533441
0.945161
0.161066
0.102803
0.446564
0.643124
0.799204
0.628456
0.711832
0.846611
0.978554
0.624271
0.552952
0.178050
0.138241
0.129323
0.336154
0.868504
0.455766
0.521814
0.459407
0.661289
0.062891
0.419286
0.273872
0.634552
0.707802
0.880584
0.428198
0.020907
0.879202
0.112704
0.276299
0.352271
0.657928
0.135650
0.239234
0.508025
0.811740
0.108421
0.261804
0.494614
0.898902
0.269260
0.754516
0.034718
0.396167
0.693282
0.661509
0.294121
0.116809
0.320609
0.545092
0.324399
0.434318
0.958145
0.827499
0.049553
0.077381
0.208101
0.580507
0.874712
0.511782
0.526404
0.503518
0.245034
0.174832
0.864120
0.980757
0.732924
0.077977
0.594999
0.358179
0.481696
0.543182
0.682290
0.830745
0.083812
0.088733
0.287930
0.580662
0.221811
0.730085
0.277245
0.057230
0.650057
0.211362
0.322281
0.538918
0.345440
0.933160
0.556893
0.368284
0.905135
0.592246
0.986725
0.500377
0.519570
0.798816
0.107181
0.255240
0.098704
0.186905
0.432548
0.415142
0.379754
0.783585
0.889361
0.057152
0.094496
0.652584
0.277161
0.761702
0.524253
0.077942
0.249756
0.087741
0.020711
0.803327
0.520115
0.455127
0.320676
0.092642
0.242025
0.824855
0.732904
0.627552
0.771620
0.817777
0.525121
0.507541
0.261930
0.162415
0.089374
0.868137
0.793555
0.612502
0.713815
0.882929
0.994600
0.724875
0.039062
0.164992
0.352990
0.138345
0.527255
0.833356
0.674297
0.244169
0.521932
0.760137
0.388197
0.388747
0.726849
0.763959
0.656684
0.999170
0.181870
0.765285
0.487168
0.272248
0.064055
0.169293
0.303585
0.317638
0.892069
0.991914
0.678630
0.895693
0.962027
0.494657
0.180257
0.140675
0.092923
0.343851
0.535559
0.909932
0.009745
0.559923
0.565152
0.649682
0.942415
0.772345
0.591199
0.918025
0.268668
0.545864
0.272184
0.955804
0.279011
0.793650
0.067575
0.945943
0.391866
0.542982
0.785492
0.851889
0.397046
0.569098
0.916508
0.975776
0.555664
0.662836
0.706709
0.626942
0.634620
0.547682
0.173135
0.541430
0.203781
0.711869
0.514728
0.943074
0.773983
0.671129
0.621919
0.386833
0.603973
0.427739
0.637963
0.774957
0.254430
0.141483
0.775168
0.186641
0.217172
0.278146
0.839119
0.411777
0.197690
0.751181
0.164050
0.329434
0.879126
0.822158
0.912457
0.521688
0.245818
0.775630
0.942109
0.763428
0.794542
0.634041
0.693556
0.278765
0.211581
0.428288
0.801279
0.904669
0.343724
0.789587
0.381585
0.552454
0.541354
0.878240
0.200402
0.607744
0.701715
0.914944
0.174063
0.159532
0.590510
0.830275
0.906241
0.198978
0.269938
0.797940
0.214126
0.178550
0.711307
0.667466
0.846997
0.572143
0.920335
0.561913
0.850295
0.326798
0.153280
0.156251
0.278328
0.346654
0.052009
0.402040
0.208739
0.399747
0.776136
0.714004
0.261855
0.088281
0.460365
0.884164
0.078042
0.773010
0.575139
0.239119
0.456190
0.592342
0.018749
0.806125
0.106467
0.966792
0.019001
0.503586
0.220442
0.229415
0.172589
0.621583
0.311726
0.272842
0.200278
0.108069
0.030238
0.353536
0.246039
0.426350
0.903237
0.443909
0.798254
0.999485
0.206233
0.772905
0.561113
0.507217
0.416901
0.445693
0.854336
0.551080
0.955135
0.283085
0.369333
0.453281
0.162357
0.271300
0.359942
0.205010
0.723211
0.262711
0.595862
0.829777
0.982756
0.818191
0.656895
0.677419
0.862307
0.331687
0.396152
0.414399
0.327019
0.827641
0.650310
0.726013
0.608364
0.071895
0.525079
0.996138
0.634610
0.886688
0.833985
0.480144
0.372435
0.810392
0.518589
0.736600
0.032797
0.492587
0.128294
0.333383
0.344193
0.465120
0.687832
0.093841
0.346418
0.179764
0.530578
0.398602
0.407958
0.453103
0.925808
0.308692
0.420148
0.709269
0.578031
0.525549
0.371203
0.661153
0.326506
0.453589
0.753264
0.320726
0.623094
0.880928
0.505574
0.479073
0.616543
0.043899
0.446912
0.046792
0.921347
0.090977
0.400407
0.895360
0.399307
0.211749
0.463869
0.090106
0.531897
0.946546
0.128739
0.655407
0.211596
0.442357
0.200812
0.262742
0.030270
0.670674
0.725828
0.482209
0.392761
0.872855
0.373083
0.488163
0.033798
0.748669
0.980165
0.359562
0.766343
0.153620
0.211953
0.365677
0.539517
0.320686
0.536994
0.877770
0.134216
0.872101
0.974391
0.797384
0.074550
0.136801
0.314323
0.641846
0.583227
0.539151
0.765324
0.677635
0.659004
0.074597
0.231443
0.742216
0.604338
0.137849
0.672410
0.644981
0.581355
0.219233
0.249942
0.287919
0.024264
0.234831
0.213297
0.896629
0.986342
0.506031
0.727220
0.002317
0.749615
0.654120
0.095391
0.065393
0.275358
0.925546
0.082507
0.881292
0.323538
0.713453
0.288124
0.159149
0.319337
0.291150
0.775378
0.913951
0.294855
0.023105
0.407717
0.562787
0.484149
0.569109
0.596765
0.865829
0.399705
0.847224
0.414444
0.102662
0.468489
0.771157
0.272477
0.124592
0.555686
0.027655
0.622402
0.173553
0.954266
0.409581
0.379215
0.608242
0.668491
0.470267
0.021775
0.928110
0.069495
0.514792
0.573086
0.735818
0.251055
0.193786
0.913597
0.528811
0.663689
0.215410
0.130619
0.460600
0.855192
0.941118
0.857020
0.462413
0.395747
0.880835
0.802282
0.365810
0.315733
0.353179
0.929081
0.916906
0.634346
0.826333
0.978495
0.822818
0.807173
0.705225
0.296965
0.220966
0.170832
0.580606
0.168148
0.211846
0.712807
0.205677
0.102770
0.345910
0.744609
0.715876
0.789616
0.205167
0.306372
0.857453
0.660777
0.470144
0.381031
0.240461
0.274276
0.112811
0.246187
0.881790
0.967210
0.606121
0.541794
0.553854
0.482518
0.290767
0.881795
0.704580
0.522507
0.289794
0.087824
0.964299
0.432266
0.611688
0.373103
0.505190
0.466081
0.332566
0.054666
0.768872
0.339991
0.998091
0.622021
0.327797
0.023590
0.635744
0.240382
0.896055
0.974226
0.018063
0.016604
0.755213
0.266696
0.067494
0.605933
0.110821
0.321583
0.543462
0.987696
0.145212
0.185341
0.402294
0.488074
0.782205
0.565270
0.470622
0.378062
0.429360
0.072501
0.322885
0.624746
0.213386
0.376103
0.503555
0.624038
0.474344
0.221460
0.484724
0.992964
0.534263
0.516023
0.999655
0.749665
0.005796
0.935572
0.642942
0.459207
0.156536
0.754113
0.877898
0.173335
0.094627
0.850529
0.841790
0.242310
0.791282
0.095114
0.589551
0.326926
0.205849
0.569122
0.666598
0.188857
0.029033
0.320438
0.151370
0.087447
0.809909
0.608513
0.558224
0.861067
0.482355
0.841684
0.241304
0.021176
0.556513
0.659995
0.190010
0.437188
0.490925
0.866656
0.356699
0.440301
0.010954
0.161260
0.907234
0.424385
0.389113
0.877878
0.035005
0.272065
0.952943
0.181166
0.229062
0.184133
0.336052
0.423607
0.136969
0.740398
0.237937
0.617001
0.413005
0.270107
0.708226
0.221351
0.192350
0.860066
0.220962
0.704246
0.081866
0.578573
0.054541
0.573885
0.808112
0.743306
0.742948
0.838848
0.913199
0.311275
0.613905
0.097765
0.139135
0.718971
0.679553
0.711977
0.391259
0.750832
0.395308
0.764344
0.421413
0.264165
0.052493
0.757299
0.621455
0.848624
0.820397
0.253290
0.567759
0.748392
0.703367
0.910734
0.207305
0.625182
0.928559
0.618597
0.826008
0.990186
0.529989
0.682731
0.189887
0.383084
0.144492
0.267104
0.499721
0.626262
0.285215
0.543025
0.049795
0.732339
0.608289
0.249511
0.731385
0.293148
0.938270
0.617908
0.771587
0.428282
0.068014
0.863893
0.348122
0.621334
0.598576
0.699991
0.970745
0.021963
0.334782
0.571715
0.769884
0.041903
0.002082
0.570473
0.083123
0.323039
0.300331
0.226350
0.980165
0.405681
0.560091
0.633904
0.616901
0.675162
0.517110
0.614093
0.559196
0.414871
0.970587
0.865454
0.467039
0.043871
0.340847
0.307676
0.779655
0.867198
0.392064
0.070672
0.292231
0.916986
0.635636
0.832287
0.764864
0.712544
0.179857
0.457761
0.954356
0.017492
0.041507
0.144081
0.709496
0.922097
0.184966
0.522334
0.020433
0.828934
0.804510
0.421199
0.162780
0.169984
0.615384
0.244688
0.327073
0.933308
0.169292
0.167281
0.374198
0.327414
0.459929
0.599562
0.607431
0.161448
0.334173
0.627486
0.701692
0.769322
0.474569
0.378410
0.180663
0.555921
0.968726
0.517002
0.082368
0.493503
0.731251
0.324161
0.703874
0.146415
0.293854
0.062065
0.565697
0.052260
0.729230
0.578486
0.986577
0.537631
0.724369
0.353475
0.909218
0.296539
0.068894
0.441567
0.867639
0.309670
0.074070
0.012610
0.236743
0.932572
0.688097
0.444358
0.154742
0.230929
0.323322
0.169942
0.759059
0.891017
0.660983
0.733352
0.626329
0.283489
0.949130
0.756052
0.557131
0.508600
0.559317
0.767850
0.096063
0.501005
0.817723
0.105150
0.427805
0.522253
0.376309
0.329719
0.539775
0.619098
0.639629
0.871082
0.792013
0.875757
0.012947
0.845668
0.284920
0.538243
0.987252
0.255855
0.665472
0.338882
0.326823
0.022004
0.262531
0.599164
0.874953
0.550646
0.691891
0.939027
0.743462
0.791904
0.321670
0.670721
0.901626
0.989321
0.238675
0.205361
0.430146
0.575176
0.606381
0.050303
0.955776
0.914449
0.555123
0.225464
0.032248
0.850530
0.995146
0.176715
0.483101
0.255819
0.993135
0.514467
0.972057
0.040337
0.602835
0.155574
0.316562
0.321455
0.290413
0.696692
0.310107
0.707901
0.345160
0.097195
0.068972
0.901130
0.916169
0.999795
0.169004
0.067220
0.565628
0.266982
0.088064
0.682385
0.479321
0.561405
0.719755
0.805255
0.724997
0.048324
0.974075
0.979040
0.199201
0.548264
0.730596
0.216694
0.153223
0.717978
0.659822
0.772216
0.438756
0.087868
0.678321
0.651215
0.863920
0.033965
0.053282
0.063845
0.300253
0.012610
0.422108
0.273258
0.431309
0.635957
0.242668
0.542686
0.283480
0.416416
0.439849
0.134284
0.929671
0.258172
0.264008
0.562846
0.006450
0.023891
0.626977
0.557545
0.935301
0.754760
0.431222
0.434789
0.988605
0.371955
0.657795
0.835348
0.590964
0.937696
0.228702
0.028856
0.496517
0.803986
0.909305
0.238822
0.732843
0.227173
0.766391
0.691277
0.452095
0.276460
0.947533
0.340179
0.079994
0.114485
0.797357
0.472692
0.403284
0.978092
0.576359
0.647486
0.486302
0.437428
0.297875
0.669160
0.557268
0.761477
0.448847
0.551927
0.254929
0.468180
0.610003
0.675680
0.876178
0.387229
0.241070
0.587569
0.515273
0.813701
0.146660
0.152205
0.235290
0.580623
0.388438
0.003628
0.662417
0.128618
0.659207
0.502156
0.643731
0.900736
0.384530
0.649235
0.859080
0.640616
0.067522
0.663438
0.527681
0.422085
0.642419
0.170701
0.600078
0.488331
0.852578
0.211959
0.076076
0.228771
0.918500
0.521282
0.339270
0.871739
0.011526
0.777642
0.648811
0.721118
0.298819
0.783446
0.179014
0.015047
0.575264
0.772942
0.247446
0.734814
0.747901
0.303639
0.622118
0.942083
0.688526
0.433859
0.048403
0.472551
0.220079
0.139547
0.386299
0.064188
0.252450
0.173460
0.998676
0.248166
0.333320
0.819868
0.281127
0.580606
0.129665
0.247888
0.474031
0.043281
0.605555
0.416571
0.147486
0.691374
0.911862
0.734880
0.999705
0.876446
0.253508
0.929666
0.859523
0.622713
0.249876
0.824784
0.033619
0.984776
0.554019
0.984467
0.389103
0.464918
0.746264
0.424074
0.812071
0.818095
0.767878
0.841359
0.932762
0.822751
0.410381
0.071363
0.257945
0.845574
0.626153
0.718066
0.101157
0.278328
0.675959
0.165923
0.951414
0.174874
0.379011
0.424411
0.171025
0.666514
0.981188
0.508698
0.163138
0.983784
0.407055
0.309585
0.399630
0.162810
0.911290
0.155817
0.949975
0.764364
0.395148
0.521913
0.401720
0.183743
0.903599
0.584617
0.313178
0.379584
0.068740
0.581120
0.588979
0.099761
0.515138
0.172152
0.419099
0.932467
0.492697
0.263093
0.671981
0.760621
0.252700
0.986210
0.882395
0.447725
0.932632
0.797152
0.224641
0.833278
0.965424
0.888832
0.111730
0.365904
0.278729
0.375811
0.311170
0.952279
0.799871
0.952322
0.717975
0.850024
0.032073
0.977046
0.175527
0.682651
0.717606
0.187769
0.984914
0.904717
0.853478
0.499059
0.993373
0.295292
0.575277
0.586057
0.402450
0.307872
0.674816
0.207546
0.686524
0.354864
0.767185
0.471384
0.262301
0.354770
0.372843
0.495461
0.799905
0.120181
0.430374
0.167277
0.316208
0.414729
0.005531
0.955282
0.440999
0.757099
0.212198
0.975105
0.496638
0.300244
0.610889
0.763776
0.281807
0.363911
0.600407
0.465099
0.699987
0.448625
0.568299
0.379266
0.623293
0.809232
0.815721
0.079866
0.632279
0.916143
0.522341
0.551395
0.522345
0.382394
0.266910
0.050403
0.717375
0.184662
0.869118
0.643393
0.981223
0.256335
0.568370
0.624612
0.067674
0.780789
0.805091
0.266841
0.199514
0.762987
0.120205
0.608321
0.517315
0.707510
0.938399
0.228940
0.888584
0.481173
0.250801
0.218794
0.717880
0.688328
0.462694
0.792271
0.648533
0.136991
0.921905
0.250748
0.296598
0.223910
0.893466
0.247066
0.407647
0.316709
0.996206
0.554871
0.077050
0.461222
0.366871
0.795973
0.924351
0.992153
0.067411
0.828834
0.362369
0.875174
0.501059
0.751316
0.351660
0.858600
0.852820
0.720810
0.280944
0.762757
0.820003
0.044870
0.864139
0.485167
0.148412
0.245487
0.194624
0.549684
0.739829
0.050116
0.347348
0.277700
0.346414
0.512585
0.169420
0.909536
0.117639
0.717016
0.149799
0.254169
0.515388
0.767873
0.508709
0.695393
0.362845
0.019273
0.897410
0.632555
0.042800
0.746680
0.348938
0.683984
0.110991
0.714099
0.370456
0.231243
0.840106
0.339916
0.317825
0.132323
0.460086
0.414480
0.443025
0.681910
0.110327
0.572584
0.255061
0.146848
0.769433
0.973940
0.084965
0.454917
0.678125
0.894797
0.995520
0.865066
0.020949
0.183811
0.426345
0.697202
0.882385
0.785295
0.214953
0.449691
0.743005
0.782992
0.884404
0.882666
0.031291
0.667458
0.338197
0.895286
0.496743
0.780222
0.353003
0.275067
0.419903
0.137821
0.509878
0.647401
0.924912
0.088840
0.454580
0.203408
0.910238
0.507094
0.627610
0.034217
0.363191
0.474055
0.854604
0.149832
0.073847
0.653674
0.437703
0.510684
0.014021
0.812705
0.638526
0.650007
0.896892
0.189661
0.693364
0.715162
0.682930
0.665531
0.751233
0.006023
0.047725
0.939376
0.375398
0.338565
0.077363
0.161936
0.499001
0.811774
0.706965
0.730372
0.975415
0.805996
0.668011
0.197256
0.113949
0.290859
0.960081
0.496956
0.841531
0.770892
0.112636
0.942520
0.380991
0.446963
0.752461
0.696198
0.586572
0.421663
0.242400
0.666719
0.327290
0.026755
0.407000
0.036452
0.558775
0.600832
0.610698
0.871573
0.974209
0.295275
0.704171
0.518368
0.374994
0.736677
0.604477
0.738792
0.151768
0.623823
0.524606
0.788409
0.516402
0.587372
0.118074
0.889845
0.375593
0.890355
0.054176
0.804867
0.986693
0.797624
0.789535
0.458227
0.786374
0.692368
0.551562
0.816379
0.032787
0.267820
0.799452
0.474219
0.151810
0.372294
0.678345
0.652941
0.928031
0.335660
0.232282
0.562161
0.931073
0.855390
0.391570
0.329424
0.817906
0.770304
0.000184
0.950212
0.401752
0.300128
0.398837
0.961591
0.628224
0.579009
0.329339
0.792616
0.849310
0.561087
0.175870
0.994612
0.035837
0.626272
0.808786
0.804471
0.819037
0.464340
0.546600
0.744077
0.501837
0.065468
0.001743
0.208992
0.430503
0.895350
0.825742
0.249518
0.367259
0.582994
0.619439
0.997278
0.754510
0.699355
0.523871
0.440417
0.011287
0.454904
0.257442
0.500575
0.252548
0.394265
0.615005
0.614728
0.071954
0.416057
0.694487
0.275047
0.278745
0.696047
0.366677
0.229887
0.729345
0.341752
0.753802
0.299034
0.644319
0.856616
0.732518
0.006333
0.051303
0.741872
0.726938
0.482825
0.244538
0.814232
0.307332
0.343519
0.401630
0.067521
0.360099
0.490919
0.748165
0.156381
0.844676
0.048432
0.910791
0.830168
0.402966
0.876792
0.349415
0.895173
0.336939
0.376605
0.009116
0.533286
0.720027
0.530163
0.582411
0.055231
0.657917
0.385634
0.022503
0.416495
0.964406
0.436761
0.198128
0.074079
0.767894
0.601194
0.830625
0.012197
0.814190
0.750585
0.103859
0.015036
0.481216
0.995554
0.587627
0.514723
0.771258
0.178676
0.365155
0.592603
0.796377
0.278593
0.505333
0.961969
0.522609
0.678382
0.270289
0.010358
0.788587
0.501314
0.698950
0.229542
0.864189
0.467117
0.457201
0.611344
0.064860
0.971865
0.095268
0.837393
0.187219
0.344636
0.102956
0.340958
0.781583
0.484047
0.403364
0.568964
0.527026
0.327794
0.175696
0.022345
0.224603
0.858334
0.147807
0.902826
0.174368
0.597814
0.749093
0.444288
0.951797
0.795390
0.764360
0.256820
0.849262
0.760052
0.379299
0.261597
0.498156
0.042080
0.758181
0.044698
0.437317
0.416262
0.544407
0.707999
0.643360
0.869990
0.924531
0.545261
0.288555
0.049366
0.146394
0.121533
0.241858
0.866441
0.631972
0.584006
0.078744
0.220712
0.075584
0.282436
0.615443
0.038002
0.168073
0.027259
0.233224
0.079847
0.837592
0.563534
0.508335
0.226512
0.147613
0.088822
0.913238
0.186776
0.242786
0.893138
0.604755
0.837588
0.983282
0.449107
0.564756
0.646736
0.158231
0.530426
0.609005
0.881647
0.418888
0.186783
0.029805
0.557452
0.322150
0.653341
0.888046
0.327418
0.125056
0.522916
0.220299
0.768909
0.220874
0.758978
0.676574
0.767959
0.357434
0.377602
0.354363
0.955617
0.028293
0.876476
0.844601
0.399170
0.677394
0.739119
0.755165
0.001374
0.607813
0.592407
0.227535
0.310814
0.735238
0.845558
0.212244
0.696533
0.576805
0.888669
0.518750
0.090029
0.115898
0.178969
0.905334
0.747771
0.433564
0.792875
0.724672
0.737342
0.247141
0.272001
0.890695
0.100347
0.746755
0.841242
0.182356
0.895189
0.370271
0.327040
0.149944
0.572874
0.407371
0.353986
0.139560
0.388927
0.573334
0.647853
0.201378
0.804584
0.943186
0.523210
0.897326
0.080352
0.886817
0.883726
0.273803
0.515090
0.895705
0.313294
0.515059
0.033712
0.441858
0.086106
0.042866
0.076655
0.259620
0.173787
0.078103
0.994226
0.690942
0.577740
0.929879
0.398957
0.984762
0.564796
0.527821
0.179096
0.691109
0.634320
0.963149
0.126353
0.540555
0.294879
0.054170
0.381028
0.449653
0.978617
0.201806
0.147648
0.542967
0.671434
0.050785
0.384239
0.332331
0.087127
0.722130
0.418355
0.443965
0.463590
0.632550
0.692983
0.534059
0.309211
0.166381
0.095467
0.283468
0.677596
0.715681
0.572557
0.612122
0.798731
0.854125
0.984718
0.503800
0.144716
0.660303
0.402824
0.081871
0.258197
0.456065
0.300352
0.826643
0.921615
0.475527
0.344223
0.074931
0.495403
0.230366
0.737385
0.192489
0.503252
0.587030
0.316290
0.059902
0.792571
0.821485
0.856374
0.762595
0.848270
0.167131
0.288669
0.625559
0.087987
0.621498
0.780680
0.983434
0.216886
0.027370
0.884631
0.326563
0.970147
0.693930
0.206235
0.713653
0.821283
0.073587
0.297086
0.591657
0.484395
0.260080
0.723809
0.413517
0.288502
0.323501
0.517102
0.694372
0.752063
0.747854
0.453772
0.396873
0.935826
0.486783
0.874919
0.786229
0.402112
0.403086
0.993363
0.145595
0.858679
0.107641
0.893466
0.992444
0.815274
0.463374
0.676454
0.686540
0.831011
0.269892
0.454375
0.570130
0.180690
0.894402
0.145815
0.031001
0.018191
0.864546
0.276496
0.128999
0.365056
0.688772
0.237882
0.676661
0.502398
0.419878
0.706916
0.914567
0.594255
0.727331
0.180020
0.172045
0.620509
0.494012
0.824471
0.153856
0.947506
0.202995
0.100291
0.743473
0.114493
0.629993
0.855764
0.463597
0.664000
0.607086
0.849717
0.984514
0.094298
0.873373
0.903678
0.320936
0.262042
0.278153
0.137048
0.607939
0.813246
0.852280
0.988396
0.596632
0.470691
0.513299
0.976026
0.260172
0.255918
0.420003
0.400913
0.150763
0.973901
0.242018
0.445153
0.398247
0.538552
0.860068
0.369050
0.490931
0.967162
0.262513
0.759953
0.229258
0.121925
0.653815
0.035977
0.492961
0.526641
0.040530
0.657739
0.712313
0.836752
0.810477
0.751220
0.184108
0.790820
0.070685
0.094883
0.622989
0.721570
0.759760
0.674182
0.588757
0.954639
0.800291
0.256573
0.680280
0.673133
0.806917
0.690157
0.636628
0.076138
0.115687
0.879086
0.736057
0.909300
0.150330
0.638846
0.133478
0.695594
0.391066
0.884551
0.027016
0.244426
0.461585
0.855372
0.794306
0.267164
0.099805
0.328215
0.489133
0.177255
0.028054
0.023795
0.339054
0.403025
0.988287
0.658207
0.134617
0.791308
0.457968
0.343132
0.650810
0.930015
0.812238
0.287805
0.491362
0.467774
0.948001
0.005865
0.996515
0.758771
0.635547
0.480204
0.104903
0.410902
0.113342
0.988963
0.310160
0.565375
0.691601
0.545775
0.102867
0.985889
0.380279
0.157395
0.538494
0.285491
0.807105
0.351838
0.821925
0.869274
0.941272
0.680148
0.049225
0.421004
0.388421
0.144924
0.497247
0.011826
0.272536
0.758737
0.101724
0.159164
0.970384
0.685541
0.014456
0.413937
0.214113
0.668228
0.380229
0.304227
0.327640
0.695438
0.724079
0.713510
0.612457
0.110748
0.589543
0.021591
0.148470
0.617374
0.318499
0.586351
0.525507
0.881502
0.113244
0.394442
0.271115
0.687381
0.771414
0.959058
0.990268
0.847292
0.734386
0.792892
0.482613
0.319533
0.339782
0.034417
0.352887
0.237528
0.418698
0.055618
0.880116
0.803205
0.628281
0.129285
0.161233
0.247745
0.160292
0.484007
0.794728
0.312846
0.716259
0.324985
0.619974
0.955619
0.889866
0.648792
0.277827
0.230240
0.347187
0.930198
0.608155
0.549485
0.445402
0.009197
0.149895
0.779274
0.180612
0.756350
0.259278
0.869348
0.605376
0.344574
0.611846
0.973202
0.106612
0.205503
0.103877
0.260402
0.184457
0.998544
0.418855
0.874411
0.622748
0.170749
0.774599
0.739045
0.191710
0.935641
0.616685
0.166688
0.273516
0.749098
0.273780
0.471393
0.051301
0.610448
0.840516
0.039984
0.152301
0.766869
0.803526
0.564298
0.885699
0.649243
0.176271
0.387680
0.465833
0.117579
0.158285
0.168862
0.861379
0.344133
0.584448
0.316353
0.161134
0.912339
0.679935
0.896454
0.597026
0.959699
0.886445
0.968040
0.614976
0.442736
0.775352
0.547222
0.634237
0.852139
0.313388
0.655009
0.385833
0.956234
0.996494
0.151114
0.970726
0.400900
0.617460
0.307015
0.028333
0.244054
0.682978
0.321392
0.656024
0.752829
0.745732
0.231077
0.970212
0.041575
0.167158
0.920642
0.449685
0.378805
0.076486
0.183734
0.451769
0.241214
0.541702
0.039300
0.541988
0.442886
0.218046
0.755816
0.527813
0.917827
0.989672
0.286657
0.337140
0.983945
0.370105
0.069709
0.132124
0.166593
0.677101
0.394382
0.298981
0.909813
0.247555
0.789117
0.204402
0.753403
0.208070
0.132534
0.859183
0.803920
0.566813
0.441334
0.879718
0.577760
0.642290
0.538081
0.387957
0.544434
0.094652
0.052003
0.740472
0.948159
0.075175
0.455910
0.227253
0.735902
0.259523
0.092386
0.130844
0.669984
0.780424
0.392349
0.786468
0.953392
0.325390
0.739129
0.533745
0.945897
0.915098
0.681177
0.700643
0.799131
0.128057
0.446527
0.010274
0.088727
0.787197
0.962145
0.051172
0.771650
0.373991
0.831287
0.701668
0.046863
0.685741
0.971986
0.648998
0.947420
0.501656
0.869798
0.393756
0.742144
0.273343
0.647935
0.380325
0.474994
0.105337
0.407896
0.143913
0.220250
0.541293
0.543744
0.614813
0.881650
0.921472
0.983127
0.970513
0.613591
0.327133
0.558195
0.676287
0.192528
0.377476
0.959514
0.604881
0.916697
0.394735
0.976118
0.375935
0.862274
0.703072
0.974822
0.305747
0.574113
0.076879
0.821907
0.608017
0.519177
0.604119
0.700326
0.736198
0.880786
0.480333
0.525532
0.008064
0.521814
0.498937
0.913073
0.903135
0.194955
0.253430
0.901061
0.673580
0.328186
0.317141
0.880653
0.159218
0.963546
0.916146
0.437668
0.947249
0.677363
0.860963
0.058457
0.267330
0.560056
0.752676
0.903156
0.262637
0.583621
0.729084
0.099449
0.527520
0.934950
0.266519
0.259965
0.052393
0.143084
0.802959
0.176429
0.966464
0.078548
0.198046
0.893697
0.718954
0.152867
0.295649
0.616800
0.589411
0.296417
0.104588
0.154121
0.667749
0.542712
0.363147
0.849830
0.694643
0.297262
0.503007
0.208698
0.402898
0.619131
0.278206
0.666424
0.250423
0.093313
0.574777
0.208591
0.685422
0.122049
0.166666
0.791383
0.334451
0.713221
0.433564
0.767181
0.753938
0.093939
0.306285
0.768173
0.635815
0.727446
0.955300
0.751087
0.607869
0.561469
0.988066
0.156192
0.019448
0.586146
0.170765
0.383676
0.353143
0.029638
0.940084
0.040532
0.153075
0.769571
0.220660
0.661081
0.610398
0.788418
0.313814
0.854247
0.196671
0.750952
0.873193
0.080719
0.985685
0.031896
0.232961
0.513118
0.554413
0.771890
0.604148
0.682302
0.603670
0.789910
0.904788
0.862919
0.689133
0.430249
0.239471
0.401356
0.703337
0.672198
0.293941
0.439182
0.999270
0.080547
0.160345
0.735235
0.296195
0.425031
0.358782
0.539462
0.758324
0.046844
0.070764
0.721639
0.886974
0.300355
0.850212
0.608105
0.116811
0.648134
0.327620
0.229625
0.256835
0.237434
0.673004
0.933512
0.166711
0.036237
0.833272
0.563129
0.309071
0.856992
0.809626
0.657904
0.068428
0.846186
0.490632
0.376975
0.977307
0.267847
0.806575
0.099589
0.240236
0.659124
0.220737
0.905395
0.196207
0.686059
0.823200
0.387728
0.610240
0.277686
0.542830
0.503043
0.934675
0.866566
0.243032
0.409597
0.930820
0.813897
0.716937
0.498512
0.291561
0.347325
0.847614
0.070357
0.155592
0.589560
0.448949
0.360348
0.653858
0.505955
0.552824
0.865319
0.878857
0.849144
0.158193
0.175566
0.917413
0.428878
0.707711
0.764706
0.837556
0.285180
0.807517
0.440665
0.770124
0.592953
0.955815
0.410924
0.475721
0.376147
0.295863
0.165147
0.037647
0.359627
0.659001
0.628322
0.571431
0.536864
0.413348
0.287528
0.091595
0.281567
0.883783
0.245463
0.926262
0.081383
0.358842
0.403856
0.320246
0.221803
0.950156
0.229885
0.117242
0.998375
0.820046
0.808728
0.661742
0.285372
0.542920
0.135370
0.311304
0.539025
0.616069
0.848801
0.199795
0.563455
0.385512
0.861708
0.142240
0.617421
0.902505
0.588813
0.821889
0.690018
0.476332
0.726961
0.650151
0.023443
0.939017
0.790096
0.939983
0.210954
0.887571
0.852235
0.283403
0.448155
0.419407
0.201590
0.273713
0.765722
0.126539
0.858936
0.963080
0.321698
0.364201
0.163364
0.696097
0.081489
0.059496
0.878545
0.209936
0.463676
0.575722
0.522625
0.141739
0.779772
0.397976
0.874877
0.333849
0.546050
0.655674
0.862237
0.577528
0.995573
0.747617
0.278849
0.685771
0.368528
0.585212
0.041739
0.035846
0.809026
0.219490
0.935748
0.972188
0.946454
0.867529
0.050854
0.710268
0.489535
0.603926
0.364991
0.632065
0.411201
0.232926
0.175512
0.113765
0.552414
0.106844
0.332398
0.276306
0.723059
0.906397
0.476361
0.299409
0.628028
0.648581
0.734948
0.189703
0.196629
0.437703
0.579783
0.143577
0.143435
0.725215
0.798056
0.895389
0.838709
0.093950
0.781412
0.691648
0.816523
0.832401
0.585329
0.781795
0.498692
0.814669
0.462147
0.566215
0.962657
0.451693
0.820837
0.792098
0.831446
0.729395
0.816670
0.437780
0.613813
0.599373
0.023877
0.176179
0.072715
0.237742
0.894458
0.557964
0.450222
0.937781
0.956237
0.305072
0.627004
0.651983
0.953304
0.355204
0.544510
0.449144
0.381966
0.547920
0.467970
0.402127
0.125328
0.092961
0.918339
0.671900
0.139635
0.211426
0.351314
0.803500
0.395494
0.590419
0.911546
0.499529
0.527105
0.541807
0.840171
0.386819
0.892626
0.005693
0.363787
0.541882
0.998792
0.789250
0.143002
0.790774
0.492923
0.681527
0.608675
0.049005
0.175434
0.334859
0.763981
0.217102
0.735978
0.053500
0.280419
0.397473
0.166354
0.880113
0.965890
0.448170
0.053287
0.620729
0.932970
0.139212
0.204227
0.698818
0.045506
0.427049
0.309270
0.979073
0.471656
0.612833
0.592347
0.951559
0.421495
0.400094
0.654785
0.916832
0.397325
0.117456
0.964390
0.062655
0.534798
0.622022
0.693145
0.572954
0.862987
0.649039
0.856682
0.159610
0.561527
0.623489
0.958628
0.657739
0.542953
0.199207
0.592962
0.575068
0.938353
0.041171
0.707502
0.736038
0.314476
0.616578
0.481652
0.411264
0.700396
0.010338
0.021532
0.572960
0.751889
0.030597
0.325616
0.166979
0.631616
0.119936
0.224000
0.542071
0.433253
0.837855
0.244433
0.426993
0.227703
0.930164
0.608221
0.096102
0.059488
0.250924
0.809156
0.614038
0.471472
0.052548
0.478556
0.300149
0.386022
0.409685
0.489583
0.803250
0.420747
0.792527
0.503929
0.427376
0.966925
0.055150
0.414020
0.599123
0.608756
0.354523
0.383844
0.617221
0.711555
0.765799
0.441545
0.074962
0.257020
0.609527
0.826896
0.596096
0.253694
0.756401
0.546778
0.774836
0.300745
0.425170
0.841794
0.460589
0.133194
0.239344
0.517142
0.778032
0.226712
0.558305
0.340870
0.523173
0.790112
0.348466
0.962634
0.826007
0.723665
0.110085
0.056097
0.220403
0.371354
0.625378
0.638083
0.511841
0.145206
0.543539
0.767606
0.083624
0.349814
0.068298
0.077923
0.532192
0.785183
0.263652
0.844700
0.772168
0.956017
0.743374
0.543455
0.001747
0.965581
0.759945
0.099369
0.169065
0.422256
0.958516
0.282614
0.830175
0.936914
0.311547
0.952308
0.539239
0.039237
0.999721
0.102233
0.161582
0.591112
0.254780
0.911431
0.750215
0.025215
0.429902
0.252810
0.876464
0.986917
0.813233
0.362885
0.555322
0.207639
0.950218
0.625772
0.156157
0.687769
0.490340
0.674570
0.939394
0.517288
0.823901
0.263244
0.109795
0.912199
0.024462
0.612151
0.526975
0.294916
0.862582
0.180311
0.463759
0.496717
0.906460
0.067574
0.053022
0.410391
0.975123
0.499785
0.313631
0.671208
0.459776
0.100084
0.896108
0.194335
0.278942
0.899470
0.938651
0.646817
0.483012
0.289738
0.674124
0.182263
0.773842
0.371931
0.678662
0.016342
0.455006
0.403422
0.902484
0.671229
0.578342
0.296754
0.873572
0.967124
0.302411
0.373365
0.714824
0.088961
0.728498
0.825316
0.865302
0.306440
0.729772
0.588158
0.646213
0.175504
0.539239
0.578049
0.062240
0.299389
0.112107
0.496265
0.478848
0.977363
0.528191
0.654206
0.066194
0.319289
0.949982
0.522044
0.150262
0.654137
0.902005
0.954126
0.861847
0.310559
0.887091
0.294258
0.724024
0.097667
0.605187
0.814000
0.068707
0.064120
0.290334
0.187091
0.422945
0.363672
0.931426
0.953136
0.255563
0.305276
0.392394
0.173668
0.724781
0.915892
0.697419
0.733728
0.317436
0.594110
0.996815
0.992066
0.520432
0.682726
0.979202
0.733115
0.915034
0.038376
0.745584
0.623832
0.334650
0.926377
0.410978
0.628555
0.976703
0.818883
0.949202
0.084995
0.609240
0.924486
0.046446
0.394481
0.262882
0.527392
0.979269
0.529589
0.048763
0.464281
0.782625
0.812277
0.993056
0.317004
0.223558
0.665661
0.028740
0.149210
0.346186
0.292535
0.535208
0.865051
0.603596
0.483790
0.066355
0.518085
0.842281
0.009826
0.157771
0.148487
0.654739
0.298104
0.353656
0.976723
0.865866
0.349961
0.844086
0.031777
0.168753
0.099793
0.353261
0.542087
0.175533
0.669762
0.169349
0.667290
0.398888
0.223125
0.456560
0.398924
0.929840
0.369325
0.240069
0.708188
0.827463
0.323963
0.704418
0.268908
0.486132
0.276783
0.696018
0.333817
0.495936
0.670780
0.570378
0.592280
0.761878
0.345576
0.774686
0.087597
0.897491
0.748173
0.806365
0.521989
0.158492
0.664215
0.438233
0.527415
0.432106
0.172882
0.350887
0.730331
0.047666
0.778547
0.562942
0.688514
0.424140
0.922304
0.299742
0.028091
0.820193
0.326520
0.191175
0.358880
0.702407
0.875506
0.939216
0.796183
0.497300
0.985452
0.845820
0.167142
0.742753
0.666745
0.841791
0.229794
0.904476
0.731792
0.907252
0.482951
0.373139
0.851481
0.024345
0.395017
0.407795
0.413390
0.052778
0.129881
0.041212
0.384892
0.168855
0.098000
0.212749
0.634258
0.758598
0.910812
0.644390
0.412894
0.905604
0.566581
0.225575
0.951841
0.864252
0.945826
0.922436
0.375651
0.158880
0.944432
0.477082
0.386777
0.199575
0.822593
0.412538
0.423593
0.555179
0.597695
0.108981
0.245168
0.274152
0.559267
0.966886
0.145932
0.893911
0.234130
0.922711
0.253341
0.029270
0.379870
0.832750
0.611679
0.680603
0.834749
0.490769
0.005118
0.652368
0.302190
0.295060
0.723157
0.722598
0.397958
0.830535
0.721576
0.453996
0.538164
0.881481
0.882016
0.787263
0.496202
0.640606
0.323319
0.807264
0.706775
0.129995
0.967752
0.322689
0.645099
0.099617
0.815239
0.149796
0.859439
0.918977
0.628722
0.240896
0.485085
0.227575
0.983784
0.048182
0.317898
0.359770
0.885655
0.763535
0.775554
0.809683
0.406722
0.324935
0.324608
0.251770
0.047674
0.330092
0.201499
0.882673
0.775407
0.247939
0.505631
0.099998
0.940807
0.568590
0.992649
0.783626
0.529547
0.782408
0.146027
0.695183
0.449007
0.328793
0.355114
0.761310
0.804465
0.905331
0.277741
0.256336
0.367661
0.777908
0.715525
0.150000
0.690871
0.982434
0.579998
0.135830
0.569614
0.558790
0.777673
0.105812
0.807120
0.207628
0.092190
0.086978
0.483676
0.010645
0.391648
0.905526
0.183983
0.104962
0.739268
0.094110
0.885645
0.452229
0.235486
0.807917
0.461913
0.093078
0.669634
0.765155
0.001818
0.527557
0.309302
0.477585
0.400806
0.112164
0.405530
0.286714
0.925009
0.614104
0.241936
0.971279
0.702271
0.313405
0.805927
0.941641
0.343062
0.293505
0.410091
0.286726
0.144394
0.810940
0.841921
0.189121
0.579872
0.884763
0.869975
0.473963
0.029003
0.496310
0.184617
0.307247
0.948892
0.039948
0.101440
0.309161
0.941435
0.915417
0.605524
0.598099
0.419157
0.402404
0.564626
0.530952
0.822800
0.207971
0.189446
0.155322
0.593796
0.327449
0.069095
0.639264
0.354749
0.109448
0.359869
0.194205
0.001047
0.665579
0.955480
0.256641
0.656736
0.015541
0.716854
0.944256
0.697773
0.608172
0.089621
0.052076
0.295789
0.109113
0.687428
0.104286
0.185481
0.595690
0.669203
0.227338
0.608769
0.549651
0.988475
0.859978
0.638830
0.288382
0.842903
0.565800
0.337142
0.725218
0.902122
0.463976
0.446656
0.599489
0.142027
0.043768
0.574238
0.566908
0.363637
0.378455
0.065480
0.790945
0.724649
0.004305
0.025026
0.925796
0.861813
0.980202
0.185528
0.631581
0.432255
0.893566
0.578367
0.012395
0.151865
0.828193
0.209245
0.617830
0.658884
0.559622
0.191793
0.898606
0.780813
0.493675
0.042310
0.256925
0.032763
0.113786
0.088761
0.082173
0.425379
0.952738
0.197154
0.412607
0.910455
0.354446
0.268427
0.113635
0.042375
0.541398
0.208972
0.713327
0.683494
0.753391
0.327908
0.285779
0.831594
0.473174
0.364244
0.022947
0.897530
0.004638
0.597047
0.385594
0.011201
0.919164
0.741744
0.973947
0.183964
0.135762
0.585680
0.508725
0.405621
0.650625
0.566060
0.563124
0.004095
0.181722
0.743401
0.936423
0.845935
0.244053
0.873611
0.809798
0.205757
0.421192
0.531830
0.075002
0.382765
0.848755
0.491156
0.476513
0.392460
0.175387
0.809373
0.457788
0.311669
0.516934
0.326817
0.852241
0.105029
0.169390
0.528495
0.809576
0.011028
0.096263
0.973592
0.598088
0.815751
0.455983
0.745479
0.173580
0.592440
0.684966
0.625366
0.655492
0.735006
0.901975
0.942696
0.100890
0.363606
0.649392
0.305435
0.216929
0.430416
0.237028
0.663367
0.902419
0.103727
0.204098
0.407517
0.759116
0.258483
0.664986
0.458834
0.963363
0.151391
0.554422
0.549264
0.138714
0.608726
0.037702
0.148319
0.120150
0.304960
0.601566
0.738287
0.750530
0.960327
0.591370
0.391195
0.099892
0.535469
0.210171
0.850662
0.748224
0.751268
0.245349
0.571749
0.022344
0.512009
0.038396
0.421952
0.327505
0.059975
0.463492
0.996447
0.964350
0.939623
0.930497
0.750720
0.071842
0.099453
0.677977
0.403703
0.586801
0.709692
0.871903
0.314545
0.360661
0.523933
0.275631
0.786141
0.824085
0.862831
0.506798
0.498538
0.840052
0.548009
0.146760
0.525362
0.636045
0.364273
0.218192
0.636358
0.955970
0.878279
0.796477
0.839210
0.822424
0.691765
0.770509
0.363725
0.549939
0.457486
0.018533
0.541537
0.899827
0.235958
0.514656
0.284439
0.517256
0.021160
0.131638
0.114471
0.041169
0.513295
0.155606
0.948895
0.527691
0.466755
0.778297
0.093176
0.077627
0.191402
0.082476
0.145096
0.808694
0.035294
0.286133
0.763124
0.563098
0.926983
0.261103
0.502171
0.991095
0.305507
0.591717
0.169855
0.901148
0.016204
0.689124
0.406392
0.017311
0.000470
0.726896
0.441250
0.534468
0.857588
0.413553
0.229685
0.112044
0.606751
0.867622
0.422287
0.196823
0.227407
0.110861
0.870651
0.815486
0.806046
0.945276
0.622314
0.227509
0.367566
0.229550
0.608075
0.079027
0.719320
0.820504
0.474814
0.948308
0.886000
0.695236
0.266951
0.423450
0.963451
0.019536
0.909665
0.102932
0.469564
0.178223
0.696989
0.159639
0.520365
0.033020
0.237914
0.358988
0.409419
0.923587
0.563633
0.671783
0.418683
0.177350
0.349033
0.872421
0.938928
0.143745
0.451579
0.763075
0.227858
0.018492
0.220695
0.914474
0.384044
0.973542
0.280790
0.063919
0.364813
0.358311
0.741031
0.561138
0.126199
0.987824
0.035009
0.502630
0.213090
0.783403
0.843401
0.445104
0.377699
0.281518
0.802777
0.838642
0.054481
0.776422
0.953656
0.570221
0.769612
0.112209
0.130948
0.258204
0.813174
0.389904
0.749906
0.188442
0.752156
0.105220
0.690706
0.032590
0.612395
0.482602
0.234786
0.739285
0.807597
0.021188
0.256075
0.238796
0.143544
0.518308
0.120219
0.851778
0.475630
0.086143
0.994945
0.542749
0.847838
0.927184
0.524684
0.408921
0.191280
0.884088
0.072576
0.045007
0.910451
0.029590
0.982980
0.674630
0.935283
0.812072
0.567621
0.188960
0.067158
0.522414
0.768493
0.483198
0.696984
0.097774
0.700642
0.731539
0.223470
0.527894
0.527962
0.491241
0.749721
0.379577
0.375121
0.776414
0.886278
0.204953
0.228742
0.492159
0.738724
0.849151
0.030977
0.869697
0.407994
0.923023
0.418573
0.793082
0.581497
0.956523
0.810585
0.158152
0.043189
0.998376
0.797841
0.654327
0.180713
0.677664
0.037288
0.609888
0.817736
0.992948
0.104350
0.791350
0.949606
0.344559
0.006415
0.297570
0.210452
0.575672
0.310583
0.939199
0.149858
0.037794
0.088794
0.744118
0.647233
0.946302
0.133467
0.479468
0.041992
0.541627
0.146769
0.330912
0.807699
0.821743
0.856643
0.129748
0.848262
0.861566
0.262718
0.768496
0.744337
0.984882
0.465228
0.695585
0.528043
0.304454
0.780064
0.629777
0.814133
0.395908
0.093081
0.884927
0.365723
0.121039
0.656793
0.945733
0.422723
0.866150
0.782570
0.185080
0.371092
0.711059
0.131472
0.863613
0.581026
0.294396
0.556838
0.802162
0.492234
0.390814
0.701760
0.367641
0.274388
0.465731
0.804565
0.663054
0.640916
0.723249
0.415427
0.062220
0.644222
0.412854
0.977238
0.479857
0.530483
0.410530
0.473867
0.017634
0.982147
0.339915
0.598915
0.876838
0.326241
0.749121
0.148116
0.678251
0.536632
0.108840
0.588489
0.579892
0.108355
0.647365
0.007369
0.833227
0.132135
0.288156
0.894456
0.668488
0.147235
0.205560
0.459989
0.649709
0.600742
0.764327
0.442180
0.890125
0.991429
0.858538
0.607031
0.768537
0.026309
0.915572
0.393658
0.037286
0.368012
0.080741
0.408250
0.462449
0.801104
0.348203
0.719784
0.386890
0.895479
0.653803
0.160623
0.856783
0.494945
0.195445
0.085121
0.202243
0.609132
0.496626
0.289362
0.212678
0.536842
0.978769
0.045158
0.297496
0.298975
0.057958
0.451427
0.272783
0.709140
0.031720
0.556081
0.664593
0.660100
0.271469
0.951546
0.669454
0.454153
0.486241
0.797038
0.162730
0.255582
0.073336
0.470728
0.395460
0.993311
0.821507
0.304904
0.270301
0.291867
0.482312
0.107280
0.337187
0.258799
0.975248
0.421547
0.899356
0.206661
0.242311
0.730322
0.870337
0.637695
0.017581
0.053592
0.272553
0.069327
0.027484
0.645801
0.518138
0.528616
0.387334
0.744689
0.862613
0.793768
0.209796
0.575011
0.672039
0.710851
0.690879
0.060276
0.394267
0.163823
0.189105
0.945604
0.374920
0.526009
0.063457
0.284849
0.908718
0.671154
0.285742
0.495107
0.166791
0.872156
0.093004
0.431723
0.890585
0.165639
0.195586
0.186940
0.992997
0.010455
0.306487
0.565299
0.457364
0.318264
0.007641
0.438928
0.174921
0.184309
0.218723
0.435831
0.611375
0.896509
0.784122
0.664319
0.443186
0.050999
0.943711
0.426690
0.554220
0.852242
0.703023
0.125299
0.033359
0.925828
0.368464
0.814131
0.063732
0.222108
0.763201
0.099009
0.844155
0.838758
0.889329
0.339558
0.933432
0.840423
0.051955
0.356056
0.658136
0.403553
0.710823
0.094288
0.474479
0.864559
0.575100
0.951535
0.424921
0.499418
0.706955
0.716821
0.080124
0.112840
0.649548
0.328540
0.606884
0.765142
0.845058
0.902599
0.852664
0.214930
0.858383
0.734181
0.587357
0.905736
0.172116
0.226279
0.292895
0.574722
0.568446
0.948101
0.141337
0.811575
0.363592
0.276493
0.052062
0.145732
0.010405
0.323489
0.968684
0.490039
0.834755
0.103117
0.746319
0.018990
0.921337
0.140596
0.289830
0.809653
0.414511
0.977033
0.833675
0.823425
0.749808
0.272755
0.503977
0.056726
0.581728
0.462401
0.553450
0.938763
0.423446
0.164891
0.909801
0.304495
0.264065
0.801415
0.928230
0.520912
0.679025
0.124539
0.488660
0.594763
0.199304
0.611580
0.828317
0.339855
0.955037
0.925359
0.750289
0.932042
0.859170
0.895467
0.098683
0.430041
0.846777
0.723154
0.641010
0.090190
0.935668
0.362986
0.748425
0.553274
0.123914
0.284381
0.514433
0.231554
0.389905
0.066149
0.202714
0.474106
0.310575
0.527172
0.164657
0.338614
0.063419
0.346335
0.617255
0.047726
0.827919
0.374845
0.921976
0.458114
0.852011
0.094056
0.255233
0.120348
0.699217
0.921924
0.811080
0.757714
0.442068
0.321224
0.926768
0.242108
0.817432
0.912649
0.771761
0.395123
0.609395
0.045915
0.490872
0.192450
0.775293
0.531998
0.942111
0.199740
0.080542
0.489634
0.419897
0.318017
0.257876
0.509197
0.004232
0.166801
0.956630
0.587084
0.426493
0.683043
0.997681
0.533739
0.592434
0.764012
0.699682
0.808428
0.153055
0.032243
0.292209
0.983900
0.763937
0.050692
0.681449
0.294057
0.923683
0.566202
0.084045
0.967752
0.532082
0.609418
0.294741
0.301853
0.558630
0.529270
0.603431
0.676680
0.462024
0.290158
0.627252
0.966958
0.251257
0.609948
0.573344
0.051397
0.328942
0.766919
0.697889
0.374037
0.507486
0.153780
0.977078
0.760463
0.838741
0.906882
0.255602
0.942045
0.147755
0.188746
0.388320
0.491295
0.411253
0.952045
0.140709
0.121492
0.371466
0.263149
0.863728
0.553686
0.025941
0.513366
0.208726
0.404209
0.883945
0.096008
0.398008
0.795821
0.130103
0.377398
0.816696
0.645613
0.085887
0.039948
0.941496
0.832792
0.609576
0.125434
0.872015
0.699474
0.325319
0.356590
0.980231
0.587611
0.821934
0.565147
0.443761
0.365177
0.212044
0.304443
0.678538
0.144732
0.692200
0.974730
0.936525
0.647495
0.994600
0.039294
0.584101
0.916058
0.871039
0.159535
0.826731
0.328846
0.999708
0.327098
0.895547
0.119465
0.955469
0.321217
0.961474
0.854063
0.134232
0.069368
0.292518
0.569812
0.772061
0.739373
0.419842
0.527661
0.449626
0.641069
0.328256
0.782459
0.722641
0.265680
0.936747
0.023599
0.768891
0.041004
0.384674
0.389282
0.192496
0.630542
0.889249
0.207548
0.376024
0.854709
0.189938
0.867188
0.021075
0.562224
0.845391
0.271657
0.767975
0.029840
0.898546
0.579133
0.035192
0.718497
0.675519
0.181817
0.469100
0.464065
0.733904
0.127634
0.644731
0.430774
0.226117
0.437427
0.908112
0.405458
0.193403
0.020789
0.500847
0.260757
0.556132
0.143659
0.357534
0.665382
0.816003
0.650789
0.216671
0.369574
0.735801
0.396227
0.935655
0.643888
0.512303
0.584933
0.150512
0.699418
0.207983
0.978648
0.670979
0.167598
0.457126
0.169149
0.251559
0.967691
0.711983
0.372011
0.629182
0.140103
0.544592
0.444004
0.968088
0.473642
0.769882
0.077242
0.102565
0.004847
0.405700
0.373222
0.218161
0.717510
0.735366
0.249866
0.862002
0.020522
0.988404
0.384699
0.422830
0.832162
0.405052
0.647280
0.471399
0.348957
0.700193
0.224020
0.601843
0.827237
0.192318
0.888510
0.664646
0.955509
0.113165
0.120474
0.531843
0.645782
0.863631
0.026485
0.785066
0.321954
0.231611
0.265566
0.967073
0.033398
0.837372
0.432795
0.287374
0.971875
0.322088
0.604041
0.922582
0.219877
0.045169
0.994963
0.302125
0.808557
0.306000
0.937389
0.019922
0.413342
0.355722
0.626205
0.262671
0.265374
0.714675
0.339871
0.895357
0.106891
0.561132
0.087702
0.594613
0.268681
0.206945
0.887026
0.670561
0.197734
0.925730
0.123358
0.467751
0.013206
0.649219
0.696693
0.485827
0.918838
0.297401
0.907073
0.610543
0.549938
0.758069
0.282523
0.095763
0.583063
0.781418
0.802503
0.187053
0.186518
0.305300
0.219994
0.527503
0.139804
0.976767
0.435331
0.736406
0.700132
0.885534
0.124931
0.801403
0.544135
0.774975
0.078025
0.174741
0.362900
0.246287
0.944517
0.714249
0.938445
0.721440
0.347111
0.859667
0.779765
0.180544
0.560812
0.684957
0.646580
0.939254
0.212937
0.717209
0.538888
0.981840
0.706765
0.662778
0.980485
0.615540
0.321935
0.431269
0.674534
0.461837
0.194734
0.098002
0.859344
0.050270
0.631390
0.695575
0.942464
0.530406
0.457498
0.975157
0.241221
0.267603
0.356704
0.528133
0.907829
0.338196
0.401774
0.908718
0.367198
0.189705
0.231164
0.648184
0.845555
0.981722
0.574233
0.301304
0.818019
0.373080
0.078204
0.915654
0.453238
0.770937
0.640015
0.564386
0.383229
0.307401
0.696174
0.833109
0.376533
0.059314
0.173746
0.401488
0.742816
0.276834
0.055603
0.110205
0.547044
0.636420
0.763050
0.153889
0.961348
0.783868
0.808966
0.290647
0.332716
0.682998
0.424570
0.208829
0.794619
0.535643
0.112951
0.441635
0.500724
0.288542
0.332478
0.470210
0.808784
0.992778
0.763221
0.905824
0.992865
0.531377
0.859496
0.891799
0.312005
0.480699
0.641682
0.115771
0.513450
0.121238
0.930407
0.072934
0.098587
0.863468
0.476250
0.470892
0.929691
0.604345
0.688074
0.916723
0.005622
0.780108
0.913113
0.276913
0.484592
0.130984
0.471952
0.350750
0.282127
0.443437
0.901500
0.747828
0.822345
0.785584
0.109109
0.110276
0.770687
0.001391
0.390944
0.070342
0.826213
0.479294
0.517736
0.583945
0.901594
0.460852
0.341049
0.530837
0.268927
0.405065
0.623167
0.721985
0.499489
0.173981
0.043756
0.704813
0.275572
0.055222
0.586391
0.006911
0.402500
0.887041
0.758107
0.708851
0.598980
0.801548
0.345070
0.486728
0.893886
0.351727
0.657514
0.515058
0.707622
0.037860
0.467055
0.870638
0.946176
0.498996
0.089519
0.328027
0.685995
0.885084
0.316399
0.687236
0.277808
0.175391
0.148066
0.024285
0.947514
0.458839
0.531874
0.505220
0.222273
0.441874
0.558262
0.654249
0.759905
0.699510
0.817990
0.216590
0.409752
0.435150
0.873643
0.006680
0.583093
0.764830
0.048504
0.382353
0.261262
0.791497
0.985944
0.235630
0.219592
0.984954
0.682441
0.640724
0.295290
0.633093
0.947358
0.549904
0.777398
0.380042
0.492606
0.177832
0.246937
0.116848
0.105308
0.965006
0.445379
0.740333
0.606604
0.260922
0.999560
0.545726
0.549708
0.117596
0.081165
0.268724
0.860350
0.834056
0.328909
0.042578
0.872729
0.142441
0.611538
0.785852
0.464091
0.176320
0.459772
0.786468
0.241070
0.611870
0.245325
0.497665
0.980915
0.622524
0.435112
0.811500
0.780716
0.537726
0.498785
0.325506
0.617772
0.346407
0.297708
0.368149
0.274208
0.435818
0.033504
0.798690
0.828985
0.206338
0.084298
0.847090
0.170409
0.452878
0.306781
0.509580
0.232273
0.653522
0.632217
0.265519
0.906766
0.556009
0.034523
0.131166
0.837255
0.702700
0.198540
0.315989
0.544080
0.784641
0.466632
0.997145
0.586479
0.965356
0.891721
0.977736
0.713771
0.564986
0.474899
0.244497
0.208926
0.745415
0.915733
0.690504
0.877638
0.086986
0.453391
0.518564
0.386033
0.197451
0.626711
0.090877
0.900133
0.743771
0.031344
0.240627
0.230206
0.547388
0.402090
0.311104
0.933121
0.633609
0.598554
0.437987
0.075836
0.375702
0.322248
0.840429
0.613147
0.124361
0.643266
0.136540
0.582814
0.963127
0.664646
0.948921
0.571201
0.480433
0.902564
0.315856
0.152546
0.698855
0.210466
0.673796
0.254986
0.552230
0.325266
0.426757
0.656472
0.551241
0.363755
0.368253
0.063683
0.528109
0.847310
0.471398
0.477079
0.601007
0.083065
0.812796
0.795212
0.748830
0.979644
0.645840
0.861415
0.636941
0.625592
0.889063
0.406004
0.584513
0.208623
0.545133
0.587108
0.814106
0.103819
0.816158
0.083263
0.374088
0.208892
0.930889
0.940882
0.374538
0.854653
0.949475
0.629735
0.427249
0.868783
0.061367
0.009567
0.430453
0.621070
0.142028
0.160967
0.088908
0.128200
0.584044
0.283621
0.809947
0.546252
0.668279
0.115079
0.866146
0.629013
0.990697
0.573144
0.965201
0.980231
0.710465
0.575028
0.617669
0.177950
0.634981
0.236389
0.943183
0.099027
0.407429
0.903372
0.805760
0.021982
0.312507
0.720786
0.418852
0.336287
0.465943
0.689538
0.810730
0.936222
0.403420
0.416449
0.790861
0.627432
0.334543
0.009584
0.307875
0.124305
0.577474
0.822199
0.339761
0.466291
0.939849
0.998468
0.706924
0.931290
0.061616
0.024074
0.448702
0.774245
0.985402
0.734815
0.653999
0.369042
0.470059
0.486346
0.886636
0.581867
0.812985
0.438176
0.596061
0.454125
0.196865
0.155041
0.154024
0.523062
0.826453
0.978800
0.407868
0.358197
0.371016
0.873948
0.891035
0.141709
0.478065
0.699898
0.081428
0.370892
0.374001
0.113139
0.348250
0.010800
0.817305
0.552407
0.477946
0.675220
0.919886
0.009983
0.919867
0.664083
0.602219
0.542257
0.142287
0.935451
0.697899
0.722663
0.739402
0.340198
0.973233
0.490136
0.179921
0.697508
0.577500
0.096188
0.337894
0.539323
0.689491
0.103756
0.196380
0.601858
0.375970
0.640915
0.364605
0.392312
0.927675
0.362619
0.299209
0.408901
0.188478
0.823558
0.370228
0.842335
0.643339
0.215282
0.162422
0.836863
0.280667
0.670706
0.652585
0.639020
0.494732
0.589122
0.153452
0.212186
0.543728
0.684843
0.164834
0.145094
0.329133
0.712605
0.522607
0.932415
0.511981
0.072855
0.486170
0.955522
0.231672
0.750045
0.655019
0.741593
0.942949
0.287054
0.855029
0.329147
0.136661
0.748877
0.385103
0.818153
0.959941
0.878688
0.264790
0.432835
0.001424
0.899418
0.373505
0.675301
0.757127
0.663959
0.621979
0.398110
0.542621
0.107133
0.546557
0.873915
0.867116
0.202539
0.966974
0.190299
0.535082
0.877405
0.598232
0.547931
0.991038
0.588583
0.757205
0.290170
0.673129
0.512793
0.554593
0.742234
0.391115
0.554249
0.212856
0.188073
0.994406
0.622804
0.400749
0.563051
0.845747
0.885710
0.725076
0.690582
0.866210
0.946156
0.770308
0.140837
0.167085
0.151670
0.326670
0.039636
0.534317
0.485544
0.697330
0.405673
0.281109
0.744381
0.225314
0.844176
0.234309
0.954906
0.430779
0.675147
0.870211
0.233157
0.399251
0.824289
0.865403
0.539187
0.311477
0.054755
0.578267
0.030394
0.255495
0.367848
0.226780
0.966609
0.711558
0.650783
0.778219
0.370077
0.350536
0.899652
0.816413
0.893431
0.036419
0.595702
0.902152
0.598806
0.173543
0.063066
0.192394
0.601216
0.789174
0.886058
0.333873
0.779303
0.992065
0.714164
0.896763
0.006602
0.697610
0.032861
0.863987
0.606433
0.760235
0.728369
0.941835
0.983558
0.903633
0.524480
0.707477
0.635716
0.089476
0.619589
0.859030
0.998161
0.215231
0.102028
0.083782
0.824346
0.281700
0.971864
0.310201
0.055851
0.420917
0.847255
0.359373
0.384704
0.425013
0.683505
0.261459
0.961203
0.666690
0.082940
0.752835
0.950375
0.551918
0.023731
0.719505
0.890191
0.895484
0.085781
0.602442
0.054664
0.860018
0.501815
0.030456
0.274954
0.349121
0.611784
0.196236
0.921609
0.995220
0.548720
0.741173
0.001060
0.132769
0.234154
0.164605
0.569501
0.397436
0.011241
0.023092
0.917274
0.841887
0.493689
0.435362
0.226894
0.708790
0.458648
0.658546
0.657821
0.251684
0.861664
0.751322
0.061126
0.244315
0.301824
0.589601
0.777155
0.069073
0.515230
0.750380
0.219332
0.525162
0.724907
0.029378
0.197221
0.747118
0.925296
0.608091
0.181960
0.874301
0.429428
0.135883
0.967222
0.361994
0.256927
0.242745
0.428786
0.074723
0.190956
0.248337
0.335887
0.552435
0.582231
0.082949
0.417431
0.090145
0.228235
0.686001
0.136233
0.521691
0.905748
0.397702
0.874375
0.848211
0.384826
0.109506
0.482833
0.101977
0.002345
0.188975
0.398475
0.086198
0.123247
0.444682
0.781579
0.881431
0.067603
0.646786
0.376976
0.259216
0.331617
0.368883
0.051952
0.393562
0.180709
0.166783
0.214034
0.510913
0.942789
0.359818
0.561783
0.369208
0.579848
0.930318
0.871723
0.706677
0.366000
0.306877
0.774522
0.050984
0.750091
0.047028
0.723560
0.529343
0.731004
0.684963
0.609002
0.570241
0.323786
0.259911
0.720510
0.637389
0.944717
0.290814
0.011704
0.386515
0.793452
0.212905
0.869512
0.885645
0.560356
0.541837
0.841525
0.789479
0.037164
0.280966
0.024487
0.608494
0.459079
0.337432
0.067041
0.463402
0.656449
0.962646
0.989858
0.965576
0.344129
0.482823
0.276274
0.114094
0.126674
0.835173
0.936562
0.349990
0.047469
0.675384
0.498958
0.158369
0.759936
0.072024
0.130571
0.858996
0.648928
0.053469
0.341304
0.475987
0.480454
0.523010
0.973902
0.827222
0.407838
0.307738
0.433264
0.224117
0.412459
0.356850
0.358135
0.422365
0.507178
0.354987
0.188301
0.714284
0.280587
0.266247
0.330429
0.303391
0.610210
0.574475
0.875651
0.351824
0.622764
0.235473
0.072039
0.341244
0.229624
0.606752
0.005088
0.637838
0.815602
0.870440
0.189327
0.402045
0.909176
0.714989
0.024193
0.233643
0.912287
0.291284
0.317283
0.192798
0.217831
0.708803
0.328117
0.087728
0.292972
0.587437
0.035535
0.169589
0.556401
0.430590
0.581847
0.625205
0.127664
0.835210
0.096871
0.508292
0.776686
0.804345
0.354974
0.999762
0.651617
0.677871
0.968250
0.137773
0.613117
0.447001
0.068954
0.408118
0.253223
0.468219
0.684318
0.835593
0.926895
0.842246
0.256878
0.466972
0.374400
0.973667
0.013427
0.386205
0.762630
0.076859
0.135735
0.652464
0.223488
0.643818
0.936145
0.801668
0.217484
0.139536
0.491180
0.802118
0.300632
0.440540
0.436279
0.604841
0.122811
0.782216
0.874797
0.679303
0.735680
0.230551
0.604383
0.175089
0.538299
0.943912
0.113866
0.600185
0.438568
0.740492
0.053777
0.156488
0.058607
0.737038
0.133628
0.123174
0.062214
0.074504
0.649067
0.928527
0.932509
0.996235
0.092052
0.800885
0.777908
0.794313
0.547151
0.139307
0.994532
0.389703
0.827099
0.994588
0.863200
0.561801
0.550743
0.301254
0.409100
0.093027
0.616489
0.751159
0.102297
0.344086
0.774385
0.449310
0.227172
0.025506
0.249964
0.742536
0.998944
0.181103
0.622964
0.861645
0.755381
0.648978
0.414059
0.267671
0.801826
0.515679
0.082725
0.842858
0.737680
0.329153
0.389360
0.316984
0.342448
0.086113
0.324790
0.569677
0.349479
0.259439
0.060278
0.699314
0.685532
0.381252
0.621172
0.999166
0.004284
0.947268
0.237307
0.231376
0.591907
0.658071
0.573291
0.839427
0.972842
0.262927
0.291795
0.989707
0.793896
0.521752
0.652987
0.582801
0.814779
0.050885
0.103207
0.625130
0.083213
0.068258
0.056041
0.601574
0.622740
0.303621
0.318892
0.739695
0.211346
0.589417
0.868187
0.306180
0.079031
0.897954
0.926346
0.326143
0.602453
0.840493
0.543627
0.365900
0.324761
0.893867
0.137982
0.269850
0.878753
0.870271
0.696048
0.992072
0.641478
0.395839
0.588391
0.913287
0.198410
0.413633
0.202138
0.283787
0.945315
0.976672
0.844112
0.682970
0.405934
0.846632
0.617602
0.636098
0.093626
0.663819
0.225894
0.778912
0.995062
0.704075
0.905676
0.210719
0.004130
0.488210
0.943462
0.926580
0.884153
0.759601
0.478142
0.469230
0.586552
0.595585
0.542787
0.191344
0.004081
0.668256
0.548847
0.768781
0.486759
0.920316
0.665846
0.855432
0.698618
0.171574
0.799716
0.020293
0.643404
0.421742
0.122889
0.357385
0.937335
0.865151
0.359267
0.409161
0.657069
0.882992
0.277207
0.294005
0.340983
0.528731
0.093630
0.178460
0.971900
0.272313
0.742397
0.484813
0.019389
0.018775
0.210059
0.474647
0.869752
0.666901
0.392125
0.099002
0.221845
0.723545
0.172950
0.255761
0.276828
0.739230
0.682394
0.844885
0.800000
0.580680
0.932355
0.262130
0.382819
0.805874
0.286310
0.221855
0.483249
0.657275
0.464998
0.049572
0.072547
0.438842
0.041346
0.834833
0.966624
0.292458
0.627792
0.085101
0.170102
0.639402
0.209107
0.771222
0.811185
0.802471
0.323854
0.905124
0.495485
0.574411
0.047600
0.040364
0.156910
0.748243
0.981018
0.336153
0.733750
0.875142
0.695992
0.075488
0.248087
0.765472
0.342855
0.778000
0.116642
0.498613
0.371886
0.298165
0.771202
0.957203
0.572187
0.549483
0.916737
0.151415
0.881075
0.745262
0.005335
0.848905
0.667099
0.296631
0.754087
0.276040
0.439818
0.758396
0.785042
0.906049
0.189461
0.463385
0.715354
0.599707
0.809598
0.735884
0.275754
0.614187
0.305938
0.824803
0.285459
0.245695
0.744392
0.947197
0.561663
0.121529
0.141510
0.082759
0.091715
0.407166
0.750435
0.409916
0.046115
0.444023
0.445484
0.524152
0.460470
0.583497
0.158487
0.829182
0.664498
0.232931
0.570012
0.741604
0.786250
0.379106
0.508596
0.599650
0.909635
0.104908
0.761106
0.416666
0.713399
0.864779
0.247365
0.869943
0.669672
0.534582
0.762153
0.165521
0.130214
0.501503
0.737720
0.669603
0.878473
0.309627
0.729931
0.447185
0.975596
0.626788
0.581171
0.098547
0.978507
0.548347
0.463126
0.534213
0.858181
0.503499
0.252582
0.579018
0.196238
0.279751
0.943345
0.545899
0.487984
0.931184
0.047432
0.170039
0.630019
0.586132
0.188633
0.543984
0.920543
0.419899
0.341587
0.944366
0.150480
0.308143
0.419489
0.690852
0.613553
0.926542
0.163558
0.427941
0.113420
0.312380
0.537382
0.470240
0.296014
0.153673
0.079275
0.101844
0.885197
0.321454
0.915765
0.970437
0.649865
0.410851
0.389343
0.966749
0.180619
0.306575
0.503591
0.229988
0.804130
0.038454
0.638818
0.169875
0.213332
0.442624
0.241330
0.645900
0.641553
0.394013
0.439463
0.694439
0.658716
0.625738
0.789484
0.444339
0.917744
0.401039
0.604520
0.111609
0.429272
0.553382
0.569602
0.213838
0.192817
0.660347
0.595975
0.394960
0.262511
0.366931
0.117794
0.501001
0.575531
0.123890
0.284320
0.797423
0.121350
0.856746
0.750752
0.468701
0.279931
0.331083
0.020822
0.790741
0.406997
0.229754
0.544261
0.616787
0.994487
0.207633
0.022287
0.067420
0.984345
0.439524
0.624215
0.565288
0.063738
0.426866
0.068328
0.605185
0.019861
0.078846
0.770134
0.900112
0.482428
0.333557
0.511126
0.793930
0.631980
0.834811
0.331178
0.081252
0.702151
0.430255
0.597700
0.625173
0.353989
0.506386
0.454667
0.413489
0.250488
0.426115
0.104671
0.944009
0.409425
0.584494
0.627091
0.079596
0.162653
0.848224
0.285528
0.763562
0.799960
0.394591
0.527626
0.236037
0.225625
0.215427
0.130392
0.641939
0.205794
0.801746
0.194156
0.171175
0.034798
0.774660
0.938285
0.121685
0.698547
0.478217
0.501782
0.525973
0.863115
0.799774
0.201891
0.231731
0.266647
0.733531
0.953839
0.577196
0.342711
0.452864
0.804826
0.051853
0.153221
0.907060
0.785413
0.583117
0.959054
0.208100
0.531402
0.339620
0.006488
0.323102
0.379359
0.191717
0.357586
0.838052
0.888891
0.219852
0.842647
0.808455
0.994809
0.911391
0.462860
0.962518
0.242292
0.936568
0.821269
0.772500
0.808195
0.644148
0.410187
0.159853
0.261599
0.667445
0.833186
0.849775
0.266762
0.281318
0.289771
0.640800
0.681562
0.400766
0.900884
0.105056
0.754584
0.361751
0.703350
0.484812
0.373956
0.874874
0.391392
0.800933
0.571077
0.792523
0.133343
0.438885
0.732344
0.580128
0.041675
0.727890
0.222019
0.632138
0.124481
0.278884
0.369347
0.823353
0.796518
0.096881
0.023063
0.936231
0.277955
0.733374
0.126405
0.854796
0.458927
0.994410
0.015754
0.665773
0.058054
0.969943
0.396043
0.057576
0.153010
0.400109
0.196041
0.657771
0.411305
0.644035
0.756642
0.199640
0.599373
0.766815
0.055297
0.658473
0.198116
0.510275
0.919696
0.748213
0.203009
0.163148
0.433834
0.419072
0.436912
0.596297
0.989587
0.246754
0.953689
0.978591
0.686917
0.853906
0.360783
0.939077
0.035842
0.754409
0.138853
0.191066
0.163279
0.261164
0.286615
0.883755
0.977904
0.347962
0.868998
0.197015
0.996139
0.606089
0.296742
0.944966
0.782398
0.686288
0.415573
0.203972
0.206716
0.866681
0.733074
0.230667
0.972891
0.637310
0.361367
0.185650
0.120246
0.441896
0.503749
0.428468
0.452165
0.967448
0.563398
0.399513
0.094496
0.622355
0.202267
0.354456
0.636977
0.093574
0.928308
0.466853
0.560780
0.123546
0.039133
0.064526
0.905327
0.897466
0.000250
0.015374
0.377476
0.681524
0.585996
0.528208
0.356224
0.602756
0.361281
0.884265
0.496040
0.711115
0.332290
0.864996
0.881951
0.714393
0.844248
0.891781
0.939521
0.026623
0.054379
0.143174
0.552829
0.020584
0.558187
0.165319
0.093581
0.625028
0.997189
0.741148
0.314486
0.657259
0.726206
0.033998
0.310005
0.531692
0.868358
0.271269
0.997619
0.235013
0.335877
0.483737
0.822720
0.708562
0.644868
0.066166
0.640264
0.028569
0.602131
0.174829
0.976308
0.024871
0.192193
0.227571
0.122556
0.228724
0.242644
0.022028
0.767027
0.290344
0.695935
0.237648
0.114000
0.256805
0.565730
0.337116
0.696320
0.350901
0.905966
0.132822
0.333233
0.141624
0.370728
0.533992
0.936834
0.246857
0.193069
0.240107
0.120291
0.958926
0.660900
0.396241
0.810937
0.433627
0.418078
0.475931
0.321376
0.333348
0.168813
0.907218
0.581729
0.064930
0.613519
0.207469
0.486119
0.002867
0.694237
0.642623
0.556562
0.338492
0.477751
0.676468
0.377347
0.445757
0.254529
0.725583
0.503056
0.904247
0.681605
0.985575
0.793347
0.570040
0.047531
0.344223
0.377610
0.335044
0.987527
0.647167
0.702636
0.465439
0.226952
0.831753
0.366421
0.659844
0.181217
0.694678
0.691221
0.217833
0.490267
0.309040
0.238999
0.959430
0.815769
0.356428
0.722369
0.786208
0.479102
0.889686
0.014183
0.024606
0.768314
0.291949
0.208870
0.942111
0.992127
0.447610
0.938657
0.076901
0.609158
0.390814
0.397804
0.271603
0.010445
0.947124
0.777964
0.551772
0.783426
0.133968
0.067806
0.239715
0.535486
0.335511
0.420021
0.944307
0.605199
0.517553
0.538832
0.317394
0.239393
0.998102
0.791139
0.717430
0.064156
0.539234
0.994424
0.170963
0.927916
0.775858
0.084533
0.272601
0.444715
0.247034
0.116476
0.914073
0.815802
0.545444
0.301343
0.983022
0.757673
0.350657
0.032500
0.422151
0.614684
0.361808
0.104146
0.289338
0.984349
0.395315
0.575392
0.709360
0.433473
0.163260
0.982970
0.857840
0.133220
0.498061
0.855696
0.368048
0.491251
0.039052
0.733817
0.801173
0.109065
0.646613
0.146370
0.070703
0.642655
0.059452
0.249670
0.961530
0.394606
0.560685
0.080054
0.134403
0.715774
0.668325
0.624014
0.256363
0.544648
0.115813
0.158832
0.147775
0.662539
0.638210
0.566851
0.086585
0.492716
0.329683
0.576500
0.660440
0.521608
0.587899
0.133212
0.807269
0.670202
0.910962
0.353332
0.934975
0.193763
0.062514
0.764178
0.260854
0.938000
0.370622
0.783344
0.761360
0.029799
0.176085
0.640393
0.372850
0.330652
0.695771
0.194059
0.333932
0.230911
0.816630
0.348077
0.810036
0.612982
0.585982
0.018776
0.190840
0.061591
0.413732
0.857548
0.701168
0.649243
0.252117
0.181332
0.215997
0.875011
0.268617
0.814229
0.420181
0.584755
0.777659
0.793371
0.703534
0.950922
0.446731
0.142174
0.431888
0.840042
0.042538
0.164105
0.484751
0.146037
0.232821
0.960074
0.200190
0.917480
0.209461
0.122586
0.117572
0.356926
0.148509
0.809778
0.158774
0.020433
0.772739
0.652464
0.138499
0.795407
0.532376
0.197308
0.744318
0.484893
0.169613
0.839261
0.377062
0.076433
0.682535
0.446374
0.492194
0.023623
0.954087
0.130128
0.332775
0.118487
0.561709
0.864388
0.194670
0.782797
0.533252
0.906118
0.614588
0.856468
0.064814
0.220982
0.121615
0.211139
0.466114
0.366948
0.442838
0.767085
0.849032
0.539025
0.303701
0.741566
0.324928
0.728264
0.213708
0.206749
0.726392
0.198134
0.878108
0.285327
0.119017
0.731409
0.126174
0.561958
0.618847
0.350692
0.496721
0.538644
0.281107
0.465687
0.871461
0.212192
0.075853
0.650365
0.796843
0.101854
0.216154
0.503129
0.384996
0.305304
0.354447
0.293116
0.934390
0.411047
0.412670
0.345758
0.660859
0.345408
0.061822
0.370721
0.179596
0.482208
0.116551
0.185356
0.628742
0.593270
0.360411
0.536784
0.575218
0.467859
0.567409
0.975731
0.093393
0.279202
0.735461
0.985254
0.657238
0.026197
0.797395
0.817476
0.736578
0.628447
0.325110
0.741440
0.238068
0.502736
0.992531
0.655242
0.181528
0.699075
0.812971
0.265526
0.252248
0.924448
0.416538
0.287502
0.119897
0.032371
0.883203
0.368587
0.664655
0.806403
0.897160
0.688812
0.501208
0.115725
0.238094
0.441105
0.441203
0.770910
0.874997
0.644584
0.784816
0.658024
0.178138
0.993984
0.582046
0.979157
0.014830
0.698343
0.254353
0.677542
0.744610
0.512067
0.217282
0.375352
0.379452
0.411502
0.394683
0.402332
0.424651
0.620149
0.765157
0.743364
0.165992
0.935621
0.331357
0.983114
0.418837
0.561496
0.152766
0.575863
0.004747
0.897173
0.332567
0.018667
0.471268
0.988857
0.099257
0.755960
0.820509
0.594812
0.373595
0.893722
0.262134
0.067984
0.461537
0.051351
0.256391
0.509141
0.763769
0.929348
0.362804
0.893643
0.642469
0.420953
0.660159
0.124969
0.835915
0.345846
0.753398
0.218131
0.061580
0.134047
0.633056
0.066087
0.698313
0.038137
0.902864
0.492296
0.688263
0.701919
0.141134
0.542525
0.049144
0.163656
0.411564
0.219045
0.637479
0.622000
0.189079
0.110324
0.053450
0.542742
0.216341
0.619366
0.827963
0.934507
0.056541
0.743797
0.282582
0.871523
0.358108
0.610840
0.702923
0.591581
0.096960
0.220297
0.716158
0.747316
0.311917
0.098659
0.013246
0.638934
0.098899
0.817483
0.806511
0.506509
0.879544
0.579140
0.663200
0.209981
0.209865
0.323084
0.605643
0.874959
0.644563
0.055741
0.618638
0.332488
0.422643
0.357166
0.954684
0.430874
0.989926
0.267576
0.877700
0.547709
0.624121
0.006897
0.735836
0.880214
0.678040
0.230433
0.504017
0.342028
0.206620
0.773811
0.186834
0.144571
0.993346
0.090287
0.722415
0.391098
0.241722
0.833578
0.277894
0.261570
0.447397
0.289317
0.077114
0.616483
0.216594
0.608266
0.151170
0.097751
0.046436
0.044420
0.652438
0.054798
0.332824
0.651106
0.622702
0.873963
0.121473
0.138229
0.356010
0.539352
0.367741
0.843761
0.746876
0.503257
0.720866
0.022627
0.264464
0.194282
0.098248
0.906089
0.443371
0.741273
0.565395
0.234765
0.031639
0.741204
0.287150
0.218410
0.186615
0.149131
0.565845
0.125573
0.359290
0.618342
0.231980
0.956270
0.757738
0.868824
0.903080
0.900780
0.530286
0.912179
0.876328
0.537709
0.059025
0.211107
0.670622
0.974427
0.004314
0.101590
0.483668
0.383024
0.990868
0.055888
0.079733
0.634885
0.076086
0.614487
0.873691
0.987037
0.391221
0.065117
0.226986
0.023367
0.596035
0.196959
0.221126
0.303858
0.037551
0.708180
0.424349
0.424949
0.753527
0.094909
0.417073
0.444155
0.711294
0.099786
0.091762
0.872079
0.922556
0.048202
0.992831
0.684914
0.324804
0.650361
0.212213
0.060598
0.569950
0.097296
0.606221
0.791709
0.110811
0.528937
0.349317
0.578255
0.226077
0.202392
0.090423
0.653466
0.874371
0.938539
0.227397
0.445719
0.518045
0.675068
0.065296
0.229726
0.307319
0.204084
0.874056
0.970098
0.265404
0.422423
0.111209
0.810418
0.365223
0.672765
0.325262
0.910953
0.638354
0.003716
0.505371
0.588116
0.706837
0.426942
0.892922
0.958816
0.378443
0.499508
0.520657
0.542811
0.196056
0.809536
0.994960
0.526202
0.081773
0.193303
0.286936
0.639173
0.466364
0.761917
0.547898
0.851126
0.544701
0.065684
0.214901
0.336317
0.547793
0.974295
0.921932
0.413123
0.172046
0.100960
0.982394
0.410072
0.556374
0.848611
0.458508
0.661754
0.447787
0.406303
0.083239
0.087740
0.446086
0.273929
0.550405
0.057632
0.468271
0.143389
0.938563
0.495371
0.823317
0.214323
0.284311
0.425931
0.537912
0.272540
0.570631
0.417519
0.823810
0.109272
0.645899
0.622404
0.827397
0.109364
0.839172
0.369513
0.052120
0.086546
0.287408
0.511899
0.094388
0.693892
0.240205
0.982223
0.583568
0.987602
0.857720
0.259371
0.466724
0.972226
0.267368
0.699322
0.028689
0.205469
0.894938
0.933404
0.288128
0.790674
0.335748
0.787055
0.660191
0.335142
0.281465
0.422221
0.026404
0.702390
0.268209
0.656505
0.602403
0.636475
0.261580
0.662203
0.244147
0.586521
0.344216
0.498353
0.083234
0.309563
0.021519
0.178903
0.631941
0.079839
0.911169
0.230151
0.748620
0.582643
0.832051
0.940561
0.104064
0.820889
0.558226
0.756084
0.039481
0.612478
0.753557
0.524121
0.956690
0.506626
0.852634
0.539235
0.631172
0.197249
0.903608
0.593748
0.088595
0.761556
0.638559
0.486351
0.935440
0.301947
0.287042
0.691839
0.284357
0.819376
0.898408
0.145110
0.664871
0.396263
0.188545
0.342544
0.560061
0.017117
0.176662
0.213887
0.459848
0.604976
0.127727
0.467777
0.571501
0.101783
0.566204
0.364016
0.578002
0.670848
0.376698
0.115736
0.084884
0.349491
0.257144
0.374561
0.646167
0.730013
0.040153
0.501914
0.510032
0.497112
0.648152
0.579575
0.474830
0.899866
0.697941
0.362619
0.496086
0.486414
0.020280
0.627871
0.935087
0.679455
0.610151
0.620986
0.589710
0.020698
0.773296
0.555289
0.898094
0.162373
0.484686
0.365496
0.955792
0.933944
0.224508
0.169453
0.237022
0.062144
0.807341
0.140989
0.160649
0.372447
0.970095
0.747045
0.891510
0.550119
0.734384
0.552178
0.017729
0.788959
0.808930
0.043570
0.994616
0.905864
0.547631
0.179672
0.495813
0.749333
0.228918
0.615615
0.062272
0.980051
0.672027
0.808484
0.689723
0.551658
0.455812
0.455621
0.245237
0.469848
0.255720
0.969048
0.853519
0.657904
0.064552
0.939149
0.643549
0.006811
0.312644
0.790739
0.496205
0.938060
0.153085
0.084639
0.683480
0.057273
0.427595
0.167883
0.539933
0.726775
0.078697
0.125683
0.556987
0.635236
0.023806
0.238277
0.540705
0.692502
0.756842
0.395786
0.723667
0.827760
0.193030
0.174203
0.971576
0.519134
0.522468
0.525635
0.475209
0.132858
0.088118
0.285941
0.568356
0.400146
0.553843
0.952861
0.562347
0.609878
0.878093
0.437791
0.737817
0.345236
0.858890
0.744307
0.884315
0.842404
0.265730
0.776581
0.028392
0.299469
0.824010
0.730793
0.240795
0.713639
0.567636
0.772688
0.663380
0.074910
0.325408
0.954382
0.146379
0.994299
0.356826
0.573553
0.136648
0.094772
0.402928
0.428144
0.707512
0.743001
0.667802
0.669694
0.870837
0.950053
0.496376
0.208425
0.561954
0.519159
0.764132
0.873223
0.938061
0.768676
0.244350
0.779610
0.880726
0.408368
0.468525
0.608864
0.843114
0.397133
0.845566
0.751388
0.432569
0.860299
0.055412
0.517465
0.369171
0.394621
0.982689
0.868520
0.710893
0.339089
0.706025
0.372014
0.485989
0.839688
0.308660
0.333102
0.123231
0.786228
0.525971
0.306159
0.320617
0.949368
0.495525
0.439333
0.243193
0.895956
0.125313
0.355217
0.190590
0.510826
0.845759
0.520781
0.124920
0.203150
0.761149
0.309694
0.699641
0.125497
0.466099
0.210145
0.680034
0.983711
0.042688
0.881301
0.895897
0.265727
0.003872
0.011524
0.117095
0.967463
0.198828
0.181467
0.492587
0.143911
0.945820
0.185181
0.443551
0.863537
0.908238
0.512356
0.151241
0.394139
0.479428
0.944811
0.030192
0.698264
0.691930
0.470382
0.827399
0.566331
0.916757
0.967302
0.238104
0.965565
0.868342
0.362226
0.178807
0.432882
0.680767
0.215006
0.108122
0.589843
0.070914
0.933351
0.036124
0.107800
0.854147
0.070500
0.112782
0.701370
0.328166
0.409017
0.936128
0.978346
0.290643
0.783855
0.970774
0.224184
0.706278
0.847795
0.717411
0.449179
0.288887
0.232399
0.523898
0.276472
0.514165
0.807588
0.178590
0.498991
0.828725
0.992986
0.676513
0.383468
0.071059
0.324141
0.799008
0.049652
0.370042
0.726758
0.397493
0.502838
0.036585
0.202060
0.521933
0.147848
0.214094
0.876413
0.784679
0.862573
0.303336
0.618326
0.600267
0.959222
0.427337
0.675968
0.191833
0.611379
0.451958
0.038310
0.504745
0.575016
0.327749
0.473028
0.418091
0.281568
0.768723
0.444291
0.894641
0.631211
0.533665
0.363551
0.959914
0.064451
0.825609
0.876471
0.650968
0.740167
0.575100
0.139111
0.325544
0.898222
0.622876
0.286489
0.972184
0.734764
0.067581
0.546665
0.411955
0.368356
0.294148
0.703438
0.532394
0.725042
0.448472
0.860820
0.944308
0.420495
0.373989
0.712380
0.702052
0.967344
0.275804
0.768598
0.977903
0.885841
0.627978
0.245360
0.831166
0.545954
0.089603
0.566700
0.462631
0.819045
0.445294
0.684928
0.595002
0.867237
0.835717
0.671273
0.869931
0.648599
0.793787
0.280147
0.402282
0.966283
0.852147
0.440176
0.882238
0.139725
0.737563
0.875111
0.865893
0.626046
0.417869
0.307744
0.144940
0.169768
0.517056
0.949963
0.336088
0.308983
0.864170
0.232056
0.080830
0.316084
0.191609
0.974409
0.496187
0.901196
0.248470
0.454699
0.767057
0.256431
0.844552
0.073733
0.020783
0.269075
0.590653
0.573034
0.874583
0.981863
0.350780
0.007314
0.296445
0.628434
0.671896
0.924959
0.670133
0.822116
0.706832
0.459639
0.204918
0.726153
0.395993
0.286181
0.080651
0.283502
0.923467
0.643823
0.968830
0.834323
0.713187
0.879976
0.820250
0.699297
0.480744
0.217621
0.059894
0.556880
0.106497
0.699457
0.579666
0.692634
0.345598
0.511943
0.169608
0.448750
0.640547
0.142337
0.278213
0.451893
0.551921
0.071875
0.242464
0.447489
0.572890
0.958200
0.378234
0.818590
0.343139
0.510187
0.571647
0.117422
0.527843
0.508261
0.262055
0.187769
0.877290
0.673356
0.957236
0.706285
0.232808
0.337634
0.671438
0.220893
0.494599
0.120077
0.926913
0.014365
0.817107
0.060099
0.209536
0.371233
0.547562
0.912279
0.019163
0.076141
0.673303
0.555364
0.905340
0.221763
0.793521
0.718643
0.128978
0.654425
0.881035
0.478835
0.840641
0.635542
0.349741
0.230614
0.916056
0.547002
0.193341
0.083879
0.839475
0.718615
0.210991
0.890921
0.275512
0.705770
0.585488
0.356588
0.220083
0.595396
0.329619
0.934589
0.871074
0.168382
0.366300
0.463049
0.609357
0.996561
0.258132
0.742457
0.730789
0.802387
0.851989
0.509107
0.819801
0.659439
0.354275
0.507191
0.905227
0.861867
0.602475
0.612630
0.788977
0.540905
0.548608
0.211803
0.188183
0.356583
0.220226
0.288275
0.581461
0.842764
0.674581
0.920664
0.899880
0.233612
0.711574
0.144757
0.453299
0.849648
0.361119
0.383020
0.732672
0.371488
0.410551
0.894608
0.978955
0.579406
0.487694
0.949010
0.659246
0.386843
0.465216
0.676450
0.240768
0.245988
0.201907
0.798177
0.903331
0.253549
0.886481
0.689755
0.080902
0.534846
0.499562
0.480489
0.972892
0.734356
0.159440
0.142112
0.415802
0.690816
0.367251
0.769850
0.755841
0.625035
0.417197
0.508996
0.613147
0.418513
0.487424
0.830119
0.678235
0.811017
0.177194
0.106028
0.931299
0.595219
0.505971
0.693623
0.924983
0.136535
0.640041
0.973746
0.021262
0.796277
0.862303
0.052175
0.723045
0.086263
0.550842
0.074867
0.491130
0.632979
0.181925
0.360588
0.687138
0.279458
0.623024
0.804052
0.533045
0.902957
0.231516
0.252691
0.227941
0.776600
0.524663
0.810178
0.612645
0.553074
0.436509
0.269844
0.022792
0.198534
0.427316
0.131094
0.221022
0.454815
0.961167
0.901957
0.548897
0.658107
0.117348
0.640896
0.689170
0.992177
0.351160
0.941000
0.679029
0.504312
0.669756
0.809685
0.064944
0.462060
0.738648
0.147023
0.339736
0.878930
0.684503
0.775837
0.052507
0.287157
0.609853
0.226671
0.232037
0.085664
0.085343
0.730769
0.014289
0.041344
0.135142
0.124196
0.614633
0.771787
0.481149
0.616202
0.035435
0.287576
0.061603
0.624979
0.149605
0.922279
0.089742
0.133926
0.050762
0.228267
0.168121
0.271540
0.810616
0.666468
0.224219
0.068070
0.034209
0.168193
0.282962
0.592056
0.853622
0.897169
0.341782
0.919865
0.250794
0.789873
0.863845
0.641377
0.850064
0.702329
0.655063
0.854909
0.571062
0.241464
0.140523
0.854540
0.782580
0.609164
0.305956
0.962932
0.848043
0.037151
0.819863
0.212787
0.203205
0.640801
0.101942
0.830065
0.356702
0.770037
0.353418
0.722079
0.454074
0.185417
0.814920
0.423603
0.295894
0.637535
0.767513
0.204110
0.950623
0.677882
0.042532
0.289269
0.352814
0.779258
0.055817
0.399826
0.527297
0.093898
0.631995
0.060986
0.329957
0.427407
0.134424
0.385439
0.845749
0.256641
0.666425
0.283135
0.834561
0.869666
0.359430
0.300944
0.865546
0.955900
0.013667
0.545325
0.030570
0.224590
0.607012
0.391130
0.377370
0.879719
0.437624
0.929659
0.453080
0.029497
0.916005
0.359103
0.598720
0.358536
0.272085
0.770495
0.885297
0.640856
0.692982
0.032294
0.832121
0.921825
0.657049
0.726719
0.297986
0.447181
0.479830
0.340980
0.185818
0.667238
0.337561
0.166504
0.851428
0.894420
0.283830
0.609299
0.356990
0.442241
0.025032
0.864578
0.959871
0.323846
0.470232
0.158762
0.477442
0.838259
0.321072
0.011992
0.418482
0.622445
0.217338
0.224273
0.021816
0.997316
0.203819
0.538380
0.592802
0.685811
0.534077
0.182642
0.778293
0.231173
0.076761
0.746732
0.670701
0.693536
0.840081
0.093601
0.881792
0.452971
0.380071
0.260653
0.976825
0.197095
0.108269
0.553320
0.909676
0.421373
0.764432
0.284132
0.349556
0.020245
0.569920
0.860425
0.039958
0.797199
0.827364
0.173807
0.580460
0.971909
0.982253
0.494507
0.271998
0.012573
0.412055
0.323731
0.916244
0.371570
0.458505
0.907146
0.709710
0.952560
0.468686
0.362635
0.623205
0.387160
0.860511
0.625420
0.907266
0.449308
0.478262
0.663700
0.614188
0.185453
0.753778
0.667923
0.277294
0.588687
0.438940
0.166813
0.138035
0.894951
0.925066
0.273282
0.561588
0.829432
0.414852
0.513344
0.531539
0.381281
0.462467
0.941171
0.364306
0.934782
0.647443
0.493400
0.033900
0.835080
0.397979
0.785826
0.747675
0.716620
0.229287
0.805601
0.663673
0.172389
0.912590
0.202064
0.890195
0.592117
0.340426
0.129337
0.158227
0.247541
0.103850
0.843794
0.807339
0.952868
0.047191
0.509541
0.975693
0.878554
0.315955
0.915035
0.134762
0.346535
0.663534
0.053949
0.359420
0.685021
0.032319
0.773432
0.973995
0.470990
0.674854
0.942868
0.464928
0.738500
0.330657
0.846272
0.800658
0.980950
0.224327
0.751442
0.549360
0.025405
0.900563
0.858997
0.435157
0.107123
0.161731
0.084417
0.223436
0.722397
0.623583
0.376223
0.075888
0.087845
0.654777
0.523407
0.765904
0.284272
0.715800
0.655253
0.394942
0.413223
0.362938
0.886658
0.500498
0.344358
0.432907
0.812094
0.696307
0.881774
0.173773
0.801317
0.235386
0.427397
0.337787
0.299971
0.136569
0.469567
0.501758
0.588193
0.765125
0.474943
0.130592
0.700347
0.008120
0.011861
0.149615
0.459027
0.435116
0.183249
0.041319
0.826431
0.084857
0.697250
0.732137
0.026255
0.768553
0.153658
0.784891
0.139203
0.030387
0.374300
0.662519
0.125275
0.155880
0.855494
0.078731
0.475921
0.868728
0.670691
0.701185
0.949212
0.606743
0.401452
0.722845
0.091141
0.517516
0.924857
0.067115
0.496183
0.564441
0.135492
0.242396
0.010234
0.383705
0.930127
0.111675
0.329064
0.782884
0.033222
0.092785
0.695397
0.021770
0.491366
0.554945
0.647754
0.266041
0.914798
0.427227
0.024174
0.854413
0.794115
0.284546
0.673944
0.269894
0.470308
0.426831
0.580466
0.955762
0.586233
0.716969
0.348376
0.366894
0.097664
0.193176
0.258051
0.897078
0.172034
0.721400
0.340618
0.572913
0.552996
0.203391
0.176599
0.654955
0.218933
0.106056
0.371319
0.536695
0.413537
0.327734
0.910185
0.582027
0.376582
0.667004
0.846984
0.791811
0.353019
0.409664
0.028307
0.440166
0.708513
0.799494
0.807234
0.071112
0.229558
0.408430
0.949401
0.496190
0.936278
0.671787
0.184574
0.683683
0.986052
0.104137
0.106857
0.680063
0.496089
0.961482
0.376657
0.954292
0.363064
0.365334
0.427533
0.805598
0.407960
0.154344
0.131051
0.725350
0.424218
0.979085
0.122774
0.853664
0.957346
0.405633
0.742506
0.921358
0.894087
0.043553
0.791924
0.317883
0.189287
0.963933
0.562714
0.175862
0.308585
0.923074
0.838343
0.612840
0.215044
0.157477
0.822582
0.520908
0.977856
0.765736
0.197923
0.544780
0.331241
0.942977
0.766992
0.138993
0.761666
0.583457
0.380103
0.844814
0.951508
0.016954
0.102069
0.177518
0.657292
0.894567
0.821387
0.764624
0.350620
0.489562
0.754947
0.625744
0.199918
0.928878
0.551355
0.734660
0.221136
0.120921
0.946033
0.254242
0.675515
0.395272
0.171183
0.084851
0.042544
0.119940
0.573774
0.616845
0.146244
0.811770
0.144655
0.827803
0.262897
0.505648
0.911923
0.115107
0.288338
0.398115
0.401682
0.504501
0.292955
0.031023
0.619303
0.125249
0.042495
0.530852
0.254317
0.092519
0.312828
0.669319
0.062072
0.187619
0.076770
0.760901
0.625267
0.976714
0.891113
0.662893
0.948493
0.258639
0.061964
0.393637
0.588914
0.982438
0.416537
0.134533
0.276195
0.025261
0.759515
0.631470
0.224826
0.471232
0.342099
0.261290
0.591940
0.281921
0.921889
0.278923
0.783776
0.499039
0.241705
0.010802
0.563890
0.369991
0.005472
0.010205
0.166255
0.036898
0.679315
0.440123
0.866369
0.679731
0.695957
0.199298
0.713491
0.254155
0.890579
0.557052
0.377136
0.214744
0.246237
0.312526
0.310959
0.864158
0.276982
0.743961
0.687141
0.218928
0.626797
0.863641
0.804404
0.532467
0.712480
0.744124
0.922798
0.865931
0.488600
0.931393
0.728351
0.347556
0.662643
0.210541
0.880747
0.011101
0.938483
0.239617
0.347121
0.354013
0.116297
0.817272
0.475121
0.005942
0.127046
0.799805
0.008349
0.148243
0.329660
0.933260
0.497312
0.575065
0.649038
0.116184
0.809001
0.536676
0.382990
0.858664
0.688235
0.755641
0.756255
0.953298
0.573883
0.256467
0.549716
0.623683
0.123095
0.899358
0.382926
0.666084
0.146664
0.758696
0.478089
0.349885
0.908652
0.736870
0.983605
0.092450
0.993388
0.054079
0.185314
0.174036
0.192986
0.504749
0.183560
0.008353
0.118488
0.621163
0.864196
0.734429
0.487766
0.134945
0.241666
0.145377
0.293307
0.377033
0.502277
0.219710
0.303009
0.506732
0.325795
0.770813
0.597107
0.710516
0.313481
0.980208
0.094354
0.761163
0.600705
0.830234
0.270591
0.577882
0.982249
0.701761
0.522820
0.678026
0.128433
0.652576
0.881914
0.661048
0.720186
0.142047
0.027077
0.115294
0.581184
0.217714
0.805200
0.588282
0.135194
0.429409
0.708209
0.511079
0.766723
0.986543
0.011559
0.217405
0.913122
0.924185
0.526979
0.448086
0.966261
0.293551
0.172600
0.981492
0.311896
0.642536
0.813597
0.280565
0.084855
0.301903
0.076451
0.297081
0.468171
0.242774
0.089984
0.823763
0.614288
0.521017
0.356267
0.034870
0.516460
0.574190
0.204539
0.105882
0.408468
0.886638
0.531255
0.052923
0.520786
0.788381
0.779402
0.182526
0.271314
0.403422
0.360183
0.792376
0.218811
0.013082
0.970223
0.013658
0.357146
0.350013
0.507397
0.935632
0.578488
0.588489
0.538424
0.403052
0.383580
0.046618
0.521338
0.127072
0.167194
0.866089
0.235969
0.000246
0.656916
0.185087
0.125557
0.756256
0.333372
0.569991
0.502625
0.364995
0.910027
0.721493
0.822230
0.803623
0.200674
0.720750
0.475730
0.094226
0.952752
0.331206
0.808175
0.748698
0.474600
0.121697
0.312461
0.011486
0.134788
0.426475
0.203366
0.540794
0.061638
0.407768
0.824593
0.418903
0.621074
0.736505
0.591949
0.632212
0.500906
0.656831
0.425773
0.411632
0.479691
0.450033
0.875758
0.073951
0.208291
0.563512
0.391277
0.254811
0.582246
0.920409
0.440333
0.673903
0.533093
0.175529
0.430283
0.823016
0.316763
0.933173
0.633430
0.217563
0.627161
0.192513
0.570632
0.102209
0.113077
0.536132
0.556041
0.751227
0.126536
0.827343
0.356097
0.754198
0.780722
0.431939
0.165910
0.927699
0.645593
0.229968
0.356145
0.743584
0.659322
0.933175
0.693544
0.414492
0.083679
0.473739
0.988204
0.027216
0.581484
0.479918
0.370735
0.364532
0.744255
0.104235
0.652431
0.306146
0.648183
0.719830
0.471570
0.949359
0.266537
0.250595
0.178974
0.840082
0.816659
0.150732
0.665950
0.954834
0.369635
0.299340
0.587741
0.324337
0.300804
0.325679
0.685605
0.439339
0.409195
0.130706
0.160662
0.829287
0.784053
0.620543
0.302609
0.454480
0.746540
0.917471
0.826458
0.802321
0.444776
0.564090
0.620395
0.828294
0.930309
0.486280
0.857904
0.132296
0.794167
0.730555
0.677272
0.010946
0.690598
0.241478
0.881597
0.276490
0.326636
0.194724
0.362440
0.982939
0.745603
0.651437
0.200221
0.450054
0.982697
0.549508
0.644507
0.225810
0.420758
0.297380
0.427308
0.877964
0.424364
0.486026
0.112501
0.755340
0.080375
0.484714
0.434514
0.109479
0.123036
0.936181
0.829391
0.217252
0.371788
0.416855
0.611372
0.395088
0.259889
0.777736
0.498096
0.045415
0.281990
0.931560
0.437569
0.125967
0.438770
0.101894
0.940008
0.682551
0.006777
0.799750
0.367703
0.335932
0.211583
0.043377
0.886000
0.863433
0.632385
0.586840
0.028554
0.265892
0.416182
0.173004
0.079949
0.960591
0.629635
0.076570
0.728847
0.990797
0.326762
0.452767
0.694747
0.392515
0.160568
0.257331
0.281519
0.109102
0.616749
0.753409
0.060815
0.094356
0.197591
0.870991
0.138485
0.494707
0.134189
0.934508
0.707127
0.051132
0.455114
0.524226
0.837900
0.111423
0.489644
0.487046
0.714714
0.893431
0.133695
0.362347
0.763929
0.889914
0.456574
0.738494
0.382689
0.555610
0.476673
0.305630
0.219011
0.667158
0.184235
0.620388
0.206759
0.996503
0.139317
0.848140
0.808625
0.188395
0.223068
0.998407
0.170241
0.982622
0.370461
0.419063
0.138553
0.171585
0.362587
0.564950
0.347575
0.933861
0.006648
0.306533
0.824650
0.434356
0.281772
0.294218
0.820346
0.831697
0.278768
0.143960
0.815108
0.083461
0.011958
0.459787
0.905793
0.189895
0.431199
0.958857
0.025217
0.766728
0.212228
0.214689
0.697828
0.087712
0.153451
0.784170
0.284640
0.987517
0.257302
0.733989
0.920551
0.265597
0.824301
0.832104
0.597169
0.481668
0.137927
0.919867
0.094266
0.283398
0.568439
0.230453
0.712997
0.656961
0.173769
0.669190
0.013996
0.741061
0.125605
0.321430
0.013482
0.095062
0.538803
0.703592
0.540499
0.561837
0.532232
0.522988
0.708410
0.115979
0.599203
0.962058
0.703782
0.337981
0.615584
0.752656
0.345766
0.405019
0.063735
0.555992
0.119121
0.738961
0.300399
0.413864
0.633993
0.702233
0.946645
0.286804
0.715572
0.982154
0.728029
0.944768
0.576764
0.554377
0.343051
0.725983
0.776988
0.366056
0.188079
0.929585
0.920241
0.129361
0.016831
0.857677
0.295536
0.865978
0.862552
0.772415
0.912850
0.093202
0.801019
0.283770
0.637710
0.792257
0.382484
0.933571
0.377534
0.549478
0.810691
0.991463
0.522851
0.510953
0.197087
0.728409
0.096532
0.041282
0.468356
0.683349
0.314157
0.227054
0.755392
0.688654
0.508634
0.615675
0.341850
0.669991
0.622203
0.830179
0.500387
0.486228
0.718951
0.950636
0.794723
0.325003
0.220955
0.802784
0.675656
0.419580
0.821184
0.544520
0.449132
0.102625
0.276286
0.190860
0.944524
0.462513
0.532382
0.968007
0.461228
0.117805
0.886990
0.637140
0.821695
0.875511
0.140213
0.178558
0.609051
0.288771
0.938301
0.476800
0.917393
0.379569
0.762729
0.897366
0.192920
0.042117
0.267904
0.895664
0.994002
0.892521
0.920631
0.048810
0.748321
0.580373
0.144457
0.150905
0.835208
0.827866
0.422033
0.262409
0.571299
0.712090
0.058598
0.854250
0.927638
0.956099
0.559730
0.437274
0.056349
0.244413
0.826471
0.317681
0.955003
0.828538
0.620965
0.369060
0.846806
0.938164
0.005731
0.961643
0.104735
0.763649
0.709688
0.439423
0.797737
0.025414
0.624067
0.785739
0.187132
0.395880
0.881330
0.367969
0.751329
0.289568
0.220217
0.901942
0.566995
0.786986
0.590062
0.026709
0.124783
0.707937
0.197479
0.130289
0.907770
0.099856
0.448565
0.317012
0.310701
0.656821
0.489732
0.657094
0.728190
0.834843
0.300294
0.109059
0.889981
0.679082
0.539947
0.755643
0.771413
0.628591
0.604242
0.243794
0.657202
0.814229
0.591206
0.569401
0.186664
0.615364
0.132209
0.597377
0.458519
0.490989
0.290218
0.957714
0.523376
0.350874
0.978563
0.208142
0.842053
0.982389
0.603330
0.404014
0.537830
0.298609
0.882513
0.466044
0.520781
0.423335
0.045049
0.986518
0.812296
0.878659
0.862865
0.364614
0.647925
0.390687
0.219051
0.411437
0.186672
0.079050
0.165296
0.815416
0.904847
0.045839
0.671703
0.108672
0.002627
0.629565
0.522116
0.024993
0.401433
0.839796
0.058074
0.390025
0.160242
0.738076
0.724532
0.934327
0.388990
0.780756
0.620453
0.669894
0.987148
0.389372
0.507418
0.720787
0.785634
0.264181
0.979363
0.748484
0.920166
0.206487
0.746576
0.362587
0.514181
0.465382
0.237077
0.157504
0.999454
0.874527
0.968505
0.265734
0.652536
0.294593
0.393637
0.568374
0.175138
0.126999
0.172666
0.953484
0.396585
0.914552
0.075363
0.262924
0.426462
0.294639
0.966245
0.818294
0.835587
0.820575
0.575876
0.666602
0.693423
0.416742
0.011423
0.936279
0.540062
0.483140
0.209606
0.944176
0.620911
0.914984
0.785139
0.944159
0.962184
0.552958
0.977816
0.657932
0.115355
0.829758
0.651353
0.978714
0.648669
0.628557
0.547109
0.488385
0.713857
0.618998
0.245818
0.678742
0.266167
0.586360
0.540451
0.017476
0.765840
0.519507
0.173340
0.249505
0.439155
0.473257
0.140682
0.574278
0.427180
0.470785
0.017548
0.589687
0.400324
0.961690
0.006533
0.143198
0.466854
0.601359
0.663156
0.480844
0.453469
0.367229
0.501144
0.334682
0.886076
0.277609
0.930729
0.839361
0.248884
0.228648
0.233073
0.418415
0.349942
0.715100
0.523952
0.030902
0.871251
0.450504
0.909821
0.419027
0.431566
0.152403
0.289391
0.247362
0.740026
0.008219
0.503838
0.274294
0.668722
0.587430
0.788764
0.946323
0.322338
0.215651
0.731047
0.055842
0.432987
0.076259
0.183699
0.353009
0.658371
0.555179
0.841853
0.252353
0.611379
0.594463
0.433009
0.024732
0.699262
0.070277
0.724664
0.115262
0.100500
0.460937
0.802450
0.477852
0.457487
0.320594
0.321903
0.066965
0.113172
0.324227
0.686990
0.877227
0.969753
0.899531
0.358523
0.171520
0.297583
0.711358
0.745573
0.788167
0.072387
0.514318
0.383027
0.667851
0.668926
0.139163
0.348389
0.990884
0.989231
0.628597
0.120979
0.565451
0.353537
0.788110
0.336632
0.357453
0.732029
0.667494
0.141025
0.302585
0.145540
0.738629
0.094773
0.791256
0.313317
0.785201
0.833400
0.466992
0.875982
0.769943
0.935321
0.228940
0.771816
0.195054
0.700953
0.579092
0.594481
0.721394
0.796091
0.704871
0.010322
0.062108
0.962658
0.937683
0.563359
0.416272
0.249969
0.478082
0.446097
0.958219
0.469627
0.528150
0.064288
0.148142
0.827176
0.221734
0.473757
0.879620
0.933633
0.993164
0.017428
0.729675
0.650037
0.275061
0.740666
0.827000
0.468119
0.665887
0.413069
0.103972
0.380242
0.957829
0.234825
0.948081
0.441715
0.665675
0.555771
0.518395
0.478618
0.947285
0.185263
0.242697
0.644258
0.056283
0.121003
0.260896
0.777388
0.717613
0.774927
0.830371
0.765301
0.066562
0.024288
0.958840
0.364940
0.041887
0.666072
0.780397
0.185133
0.373669
0.102840
0.440340
0.783093
0.556522
0.338155
0.504412
0.078295
0.448768
0.609703
0.158080
0.536862
0.388228
0.238223
0.711478
0.829590
0.965230
0.520398
0.175645
0.916722
0.843467
0.743802
0.925662
0.762608
0.269340
0.652057
0.716349
0.133376
0.160398
0.938292
0.566108
0.180732
0.913499
0.595067
0.274565
0.765020
0.323337
0.198853
0.589621
0.720661
0.251927
0.457212
0.289548
0.517108
0.939708
0.596799
0.695741
0.018421
0.098864
0.420308
0.381768
0.294617
0.179496
0.110487
0.094326
0.687883
0.449277
0.109351
0.151738
0.586815
0.777200
0.650710
0.835623
0.611776
0.262061
0.774151
0.541339
0.164524
0.096287
0.898582
0.702854
0.545208
0.305743
0.283477
0.757648
0.089888
0.256142
0.955936
0.667287
0.031674
0.066681
0.931696
0.759272
0.038636
0.321526
0.808209
0.905820
0.631580
0.719776
0.057914
0.305169
0.934850
0.554527
0.599834
0.381056
0.463250
0.161665
0.477615
0.565980
0.898230
0.729009
0.722134
0.983881
0.056450
0.106431
0.726805
0.297856
0.503859
0.507574
0.713706
0.238542
0.518397
0.243805
0.118649
0.578786
0.354467
0.881007
0.973319
0.570229
0.012278
0.459865
0.612614
0.107427
0.965202
0.670233
0.285299
0.135146
0.548265
0.120245
0.496110
0.064430
0.960890
0.090768
0.157423
0.213097
0.087030
0.415834
0.878626
0.536268
0.585803
0.379675
0.971306
0.162559
0.955763
0.770981
0.998379
0.501565
0.525925
0.485014
0.945297
0.938259
0.576682
0.314197
0.341445
0.379924
0.043716
0.817800
0.909864
0.171258
0.508056
0.411360
0.573409
0.143257
0.425380
0.066449
0.895489
0.811524
0.797715
0.261416
0.283496
0.989609
0.740629
0.073736
0.533056
0.333013
0.649068
0.554582
0.541222
0.579488
0.914947
0.776248
0.266743
0.501244
0.399620
0.193051
0.265525
0.834696
0.114361
0.206335
0.379411
0.703381
0.811982
0.074196
0.406411
0.299653
0.442701
0.556566
0.830497
0.840807
0.677395
0.936268
0.939096
0.065227
0.951367
0.306678
0.906403
0.784207
0.731737
0.266605
0.670641
0.255061
0.961598
0.413033
0.683386
0.391142
0.884046
0.272331
0.859096
0.074404
0.699232
0.560570
0.302951
0.086128
0.757531
0.913562
0.645143
0.421436
0.241978
0.477256
0.059738
0.003216
0.543088
0.999107
0.296231
0.061096
0.779175
0.311044
0.301918
0.691068
0.165318
0.344672
0.263222
0.361414
0.184064
0.069319
0.144078
0.380536
0.761040
0.993564
0.049527
0.592334
0.898549
0.120860
0.992616
0.814740
0.470311
0.499892
0.892752
0.787047
0.130463
0.760283
0.883627
0.641647
0.539934
0.274272
0.258832
0.165814
0.363336
0.835003
0.633298
0.369147
0.739482
0.992030
0.148677
0.122300
0.178661
0.434683
0.800798
0.882634
0.089806
0.063904
0.217312
0.772397
0.390656
0.643187
0.463665
0.525081
0.904058
0.169246
0.705513
0.065554
0.493531
0.353033
0.805702
0.739620
0.141202
0.851731
0.183954
0.458606
0.421257
0.142349
0.517363
0.274621
0.072028
0.177551
0.109844
0.152101
0.619827
0.214323
0.008646
0.951268
0.257673
0.456128
0.196067
0.889129
0.432023
0.399157
0.434483
0.993639
0.840634
0.023309
0.592826
0.316650
0.794684
0.218520
0.532630
0.921281
0.148281
0.087073
0.881779
0.909319
0.248470
0.012502
0.274061
0.004292
0.608878
0.635733
0.882684
0.455821
0.260124
0.129066
0.325852
0.280898
0.980095
0.408642
0.272537
0.107692
0.857245
0.176003
0.326578
0.137529
0.890022
0.929390
0.017214
0.990652
0.575548
0.335381
0.974201
0.451400
0.690690
0.601514
0.615611
0.378428
0.718631
0.740505
0.926461
0.295587
0.624082
0.866697
0.156284
0.429090
0.930242
0.915362
0.513766
0.206606
0.300650
0.425472
0.186590
0.483872
0.079042
0.276580
0.264583
0.014491
0.490333
0.520424
0.394329
0.928502
0.455873
