Knuth_Lewis_0_1
0.243819
0.092642
0.513699
0.408194
0.713403
0.576025
0.964467
0.963095
0.682081
0.730767
0.871238
0.433809
0.151054
0.921468
0.573283
0.836655
0.770817
0.615681
0.355703
0.380293
0.346595
0.798282
0.804966
0.681360
0.360372
0.101657
0.970100
0.953741
0.650156
0.479836
0.095172
0.124598
0.637087
0.504698
0.938691
0.080279
0.741029
0.612366
0.945536
0.495237
0.875257
0.877930
0.787065
0.947082
0.160873
0.146610
0.034999
0.270887
0.251579
0.599490
0.984724
0.355885
0.909416
0.081952
0.893637
0.837665
0.722112
0.772920
0.150152
0.389005
0.102656
0.023061
0.138992
0.562464
0.961722
0.440051
0.818402
0.387851
0.693568
0.549034
0.274896
0.177714
0.366041
0.606404
0.771168
0.243943
0.255304
0.395033
0.052799
0.478652
0.115918
0.079070
0.929366
0.002426
0.826899
0.446429
0.395601
0.333087
0.304373
0.117107
0.808210
0.778086
0.821469
0.545439
0.883978
0.003660
0.126049
0.894430
0.534793
0.983865
0.996923
0.110272
0.805207
0.782620
0.129165
0.775198
0.428162
0.871880
0.489155
0.566763
0.764501
0.939078
0.529971
0.401710
0.141900
0.386933
0.907758
0.592520
0.858832
0.978782
0.589699
0.594791
0.369200
0.332531
0.494217
0.173558
0.413258
0.216377
0.054018
0.066685
0.110444
0.849400
0.342622
0.473448
0.279756
0.660174
0.654985
0.946446
0.503286
0.206502
0.682862
0.514949
0.698548
0.209414
0.675501
0.117825
0.215222
0.904547
0.226334
0.674154
0.721927
0.164032
0.576259
0.369667
0.398673
0.092013
0.574147
0.987130
0.200588
0.046927
0.685205
0.358795
0.208566
0.293660
0.687818
0.269055
0.332454
0.738722
0.949484
0.385406
0.882404
0.451544
0.422483
0.045865
0.774007
0.925037
0.749895
0.980956
0.382851
0.278535
0.122595
0.298388
0.314112
0.856245
0.777847
0.308557
0.602808
0.924330
0.280130
0.018990
0.110348
0.419748
0.974810
0.375863
0.132990
0.953974
0.255290
0.580712
0.487837
0.524734
0.534266
0.060463
0.592005
0.638867
0.059703
0.918911
0.300570
0.799447
0.966166
0.947768
0.518934
0.560288
0.202129
0.525403
0.855233
0.600953
0.223882
0.981408
0.828405
0.525405
0.596665
0.255102
0.397543
0.337404
0.893657
0.926116
0.828174
0.795795
0.533441
0.945161
0.161066
0.102803
0.446564
0.643124
0.799204
0.628456
0.711832
0.846611
0.978554
0.624271
0.552952
0.178050
0.138241
0.129323
0.336154
0.868504
0.455766
0.521814
0.459407
0.661289
0.062891
0.419286
0.273872
0.634552
0.707802
0.880584
0.428198
0.020907
0.879202
0.112704
0.276299
0.352271
0.657928
0.135650
0.239234
0.508025
0.811740
0.108421
0.261804
0.494614
0.898902
0.269260
0.754516
0.034718
0.396167
0.693282
0.661509
0.294121
0.116809
0.320609
0.545092
0.324399
0.434318
0.958145
0.827499
0.049553
0.077381
0.208101
0.580507
0.874712
0.511782
0.526404
0.503518
0.245034
0.174832
0.864120
0.980757
0.732924
0.077977
0.594999
0.358179
0.481696
0.543182
0.682290
0.830745
0.083812
0.088733
0.287930
0.580662
0.221811
0.730085
0.277245
0.057230
0.650057
0.211362
0.322281
0.538918
0.345440
0.933160
0.556893
0.368284
0.905135
0.592246
0.986725
0.500377
0.519570
0.798816
0.107181
0.255240
0.098704
0.186905
0.432548
0.415142
0.379754
0.783585
0.889361
0.057152
0.094496
0.652584
0.277161
0.761702
0.524253
0.077942
0.249756
0.087741
0.020711
0.803327
0.520115
0.455127
0.320676
0.092642
0.242025
0.824855
0.732904
0.627552
0.771620
0.817777
0.525121
0.507541
0.261930
0.162415
0.089374
0.868137
0.793555
0.612502
0.713815
0.882929
0.994600
0.724875
0.039062
0.164992
0.352990
0.138345
0.527255
0.833356
0.674297
0.244169
0.521932
0.760137
0.388197
0.388747
0.726849
0.763959
0.656684
0.999170
0.181870
0.765285
0.487168
0.272248
0.064055
0.169293
0.303585
0.317638
0.892069
0.991914
0.678630
0.895693
0.962027
0.494657
0.180257
0.140675
0.092923
0.343851
0.535559
0.909932
0.009745
0.559923
0.565152
0.649682
0.942415
0.772345
0.591199
0.918025
0.268668
0.545864
0.272184
0.955804
0.279011
0.793650
0.067575
0.945943
0.391866
0.542982
0.785492
0.851889
0.397046
0.569098
0.916508
0.975776
0.555664
0.662836
0.706709
0.626942
0.634620
0.547682
0.173135
0.541430
0.203781
0.711869
0.514728
0.943074
0.773983
0.671129
0.621919
0.386833
0.603973
0.427739
0.637963
0.774957
0.254430
0.141483
0.775168
0.186641
0.217172
0.278146
0.839119
0.411777
0.197690
0.751181
0.164050
0.329434
0.879126
0.822158
0.912457
0.521688
0.245818
0.775630
0.942109
0.763428
0.794542
0.634041
0.693556
0.278765
0.211581
0.428288
0.801279
0.904669
0.343724
0.789587
0.381585
0.552454
0.541354
0.878240
0.200402
0.607744
0.701715
0.914944
0.174063
0.159532
0.590510
0.830275
0.906241
0.198978
0.269938
0.797940
0.214126
0.178550
0.711307
0.667466
0.846997
0.572143
0.920335
0.561913
0.850295
0.326798
0.153280
0.156251
0.278328
0.346654
0.052009
0.402040
0.208739
0.399747
0.776136
0.714004
0.261855
0.088281
0.460365
0.884164
0.078042
0.773010
0.575139
0.239119
0.456190
0.592342
0.018749
0.806125
0.106467
0.966792
0.019001
0.503586
0.220442
0.229415
0.172589
0.621583
0.311726
0.272842
0.200278
0.108069
0.030238
0.353536
0.246039
0.426350
0.903237
0.443909
0.798254
0.999485
0.206233
0.772905
0.561113
0.507217
0.416901
0.445693
0.854336
0.551080
0.955135
0.283085
0.369333
0.453281
0.162357
0.271300
0.359942
0.205010
0.723211
0.262711
0.595862
0.829777
0.982756
0.818191
0.656895
0.677419
0.862307
0.331687
0.396152
0.414399
0.327019
0.827641
0.650310
0.726013
0.608364
0.071895
0.525079
0.996138
0.634610
0.886688
0.833985
0.480144
0.372435
0.810392
0.518589
0.736600
0.032797
0.492587
0.128294
0.333383
0.344193
0.465120
0.687832
0.093841
0.346418
0.179764
0.530578
0.398602
0.407958
0.453103
0.925808
0.308692
0.420148
0.709269
0.578031
0.525549
0.371203
0.661153
0.326506
0.453589
0.753264
0.320726
0.623094
0.880928
0.505574
0.479073
0.616543
0.043899
0.446912
0.046792
0.921347
0.090977
0.400407
0.895360
0.399307
0.211749
0.463869
0.090106
0.531897
0.946546
0.128739
0.655407
0.211596
0.442357
0.200812
0.262742
0.030270
0.670674
0.725828
0.482209
0.392761
0.872855
0.373083
0.488163
0.033798
0.748669
0.980165
0.359562
0.766343
0.153620
0.211953
0.365677
0.539517
0.320686
0.536994
0.877770
0.134216
0.872101
0.974391
0.797384
0.074550
0.136801
0.314323
0.641846
0.583227
0.539151
0.765324
0.677635
0.659004
0.074597
0.231443
0.742216
0.604338
0.137849
0.672410
0.644981
0.581355
0.219233
0.249942
0.287919
0.024264
0.234831
0.213297
0.896629
0.986342
0.506031
0.727220
0.002317
0.749615
0.654120
0.095391
0.065393
0.275358
0.925546
0.082507
0.881292
0.323538
0.713453
0.288124
0.159149
0.319337
0.291150
0.775378
0.913951
0.294855
0.023105
0.407717
0.562787
0.484149
0.569109
0.596765
0.865829
0.399705
0.847224
0.414444
0.102662
0.468489
0.771157
0.272477
0.124592
0.555686
0.027655
0.622402
0.173553
0.954266
0.409581
0.379215
0.608242
0.668491
0.470267
0.021775
0.928110
0.069495
0.514792
0.573086
0.735818
0.251055
0.193786
0.913597
0.528811
0.663689
0.215410
0.130619
0.460600
0.855192
0.941118
0.857020
0.462413
0.395747
0.880835
0.802282
0.365810
0.315733
0.353179
0.929081
0.916906
0.634346
0.826333
0.978495
0.822818
0.807173
0.705225
0.296965
0.220966
0.170832
0.580606
0.168148
0.211846
0.712807
0.205677
0.102770
0.345910
0.744609
0.715876
0.789616
0.205167
0.306372
0.857453
0.660777
0.470144
0.381031
0.240461
0.274276
0.112811
0.246187
0.881790
0.967210
0.606121
0.541794
0.553854
0.482518
0.290767
0.881795
0.704580
0.522507
0.289794
0.087824
0.964299
0.432266
0.611688
0.373103
0.505190
0.466081
0.332566
0.054666
0.768872
0.339991
0.998091
0.622021
0.327797
0.023590
0.635744
0.240382
0.896055
0.974226
0.018063
0.016604
0.755213
0.266696
0.067494
0.605933
0.110821
0.321583
0.543462
0.987696
0.145212
0.185341
0.402294
0.488074
0.782205
0.565270
0.470622
0.378062
0.429360
0.072501
0.322885
0.624746
0.213386
0.376103
0.503555
0.624038
0.474344
0.221460
0.484724
0.992964
0.534263
0.516023
0.999655
0.749665
0.005796
0.935572
0.642942
0.459207
0.156536
0.754113
0.877898
0.173335
0.094627
0.850529
0.841790
0.242310
0.791282
0.095114
0.589551
0.326926
0.205849
0.569122
0.666598
0.188857
0.029033
0.320438
0.151370
0.087447
0.809909
0.608513
0.558224
0.861067
0.482355
0.841684
0.241304
0.021176
0.556513
0.659995
0.190010
0.437188
0.490925
0.866656
0.356699
0.440301
0.010954
0.161260
0.907234
0.424385
0.389113
0.877878
0.035005
0.272065
0.952943
0.181166
0.229062
0.184133
0.336052
0.423607
0.136969
0.740398
0.237937
0.617001
0.413005
0.270107
0.708226
0.221351
0.192350
0.860066
0.220962
0.704246
0.081866
0.578573
0.054541
0.573885
0.808112
0.743306
0.742948
0.838848
0.913199
0.311275
0.613905
0.097765
0.139135
0.718971
0.679553
0.711977
0.391259
0.750832
0.395308
0.764344
0.421413
0.264165
0.052493
0.757299
0.621455
0.848624
0.820397
0.253290
0.567759
0.748392
0.703367
0.910734
0.207305
0.625182
0.928559
0.618597
0.826008
0.990186
0.529989
0.682731
0.189887
0.383084
0.144492
0.267104
0.499721
0.626262
0.285215
0.543025
0.049795
0.732339
0.608289
0.249511
0.731385
0.293148
0.938270
0.617908
0.771587
0.428282
0.068014
0.863893
0.348122
0.621334
0.598576
0.699991
0.970745
0.021963
0.334782
0.571715
0.769884
0.041903
0.002082
0.570473
0.083123
0.323039
0.300331
0.226350
0.980165
0.405681
0.560091
0.633904
